Note: [none]
Total # of Iterations:	1500	
Sample size:	19366	
Maximum likelihood:	# Parameters:	AIC corr:	AIC:	Slope:	R2:
-23298.75	83	46764.23	46763.5	1.028036	0.3182396	
Model:	model_4ABCN
PDF:	User-defined function
Support interval range:	2

Varying parameters:
Label	MLE	Lower S.I.	Upper S.I.	Std Err	Lower Bound	Upper Bound	Final step size
PG1	180.7527	180.7527	186.1753	N/A	0	250	10.24655	
PG2	98.56985	96.59845	101.5985	N/A	0	250	10.17941	
PG3	189.8039	186.0079	193.6	N/A	0	250	12.83754	
PG4	179.1302	177.3389	193.4607	N/A	0	250	19.41272	
PG5	156.3216	139.1263	190.0458	N/A	0	250	165.5104	
PG6	131.1549	125.9087	134.8433	N/A	0	250	11.46683	
PG7	125.4672	121.7032	127.9579	N/A	0	250	12.94204	
PG8	142.6218	139.7693	150.4907	N/A	0	250	9.067994	
PG9	168.726	156.9151	172.1005	N/A	0	250	24.94151	
PG10	168.761	151.8849	173.8238	N/A	0	250	36.68095	
PG11	159.5987	153.2148	174.0629	N/A	0	250	21.74211	
PG12	136.824	128.6146	138.1922	N/A	0	250	7.228462	
PG13	129.0043	109.6536	131.4242	N/A	0	250	24.8016	
PG14	142.0652	134.962	147.8033	N/A	0	250	17.25064	
PG15	120.8914	117.2647	131.2201	N/A	0	250	29.22535	
PG16	250	237.5	250	N/A	0	250	125	
PG17	137.4213	131.9244	141.9244	N/A	0	250	17.09744	
PG18	103.8993	100.7823	106.8213	N/A	0	250	10.74921	
PG19	105.5887	103.477	109.5328	N/A	0	250	7.167812	
PG20	71.83545	66.80697	73.99051	N/A	0	250	9.387857	
PG21	250	247.5	250	N/A	0	250	160	
PG22	99.8724	90.88389	101.8698	N/A	0	250	9.55766	
PG23	249.9263	172.4492	250	N/A	0	250	200	
PG24	166.3344	161.3443	186.4141	N/A	0	250	31.8225	
PG25	169.0286	165.648	189.312	N/A	0	250	33.1623	
PG26	232.2384	218.3041	236.8831	N/A	0	250	27.90179	
PG27	123.8708	121.3934	127.6321	N/A	0	250	12.01094	
PG28	225.594	171.4515	250	N/A	0	250	250	
PG29	170.5853	160.3502	192.7614	N/A	0	250	48.509	
sizeX0	0.8626504	0.8626504	0.8712769	N/A	0	100	0.02008033	
sizeXb	1	1	1	N/A	0	1	0.3809524	
ageX0	0.3173065	0.3109604	0.3204796	N/A	0	1	0.0135938	
int	2.814806e-172	0	0.01120035	N/A	0	100	35.98467	
sigma	0.7236153	0.7236153	0.7308515	N/A	0	2	0.02325611	
alpha	1.778103	1.760322	1.795884	N/A	0	4	0.04758863	
beta	1.067413	1.067413	1.088761	N/A	0	3	0.06700645	
C	205.2601	203.2075	209.3654	N/A	0	1000	10.33643	
gamma	-0.2494807	-0.2648652	-0.2150447	N/A	-2	2	0.04866144	
D	1	1	1	N/A	1	3	0.6095238	
lambda1	0.479808	0.4366253	0.4950099	N/A	0	1	0.05149283	
lambda2	0.5469788	0.4813413	0.8423821	N/A	0	1	1	
lambda3	0.3337373	0.3270626	0.3537373	N/A	0	1	0.03433796	
lambda4	0.2423423	0.09451348	0.5247927	N/A	0	1	1	
lambda5	0.8710521	0.83621	0.9058942	N/A	0	1	0.3023432	
lambda6	0.3230715	0	1	N/A	0	1	1	
temp.a1	0.7674114	0.6829962	1	N/A	0	1	0.3555556	
temp.a2	0.06947719	0.06878242	0.06947719	N/A	0	1	0.003033707	
temp.a3	0.322783	0.3195551	0.3260108	N/A	0	1	0.01033371	
temp.lag.a1	0.1533192	0.1533192	0.1582391	N/A	0	1	0.004648353	
temp.lag.a2	6.275961e-92	0	0.000279057	N/A	0	1	1	
temp.lag.a3	7.779413e-07	0	0.005517894	N/A	0	1	0.2475942	
temp.b1	2.131899	2.11058	2.231856	N/A	0.25	5000	0.1779193	
temp.b2	6.736035	6.538954	6.736035	N/A	0.25	5000	0.3165242	
temp.b3	8.88594	8.106205	9.684518	N/A	0.25	5000	95.5693	
temp.lag.b1	314.0775	22.21542	5000	N/A	0.25	5000	4999.75	
temp.lag.b2	2865.495	0.25	5000	N/A	0.25	5000	4999.75	
temp.lag.b3	3744.134	0.25	5000	N/A	0.25	5000	4999.75	
temp.c1	284.072	284.072	284.1181	N/A	275.1625	284.1181	1.069447	
temp.c2	284.1181	284.1181	284.1181	N/A	275.1625	284.1181	0.1516288	
temp.c3	284.0922	284.0922	284.1181	N/A	275.1625	284.1181	8.955575	
temp.lag.c1	278.0572	275.1625	284.1181	N/A	275.1625	284.1181	8.955575	
temp.lag.c2	283.7098	275.1625	284.1181	N/A	275.1625	284.1181	8.955575	
temp.lag.c3	283.4875	275.1625	284.1181	N/A	275.1625	284.1181	8.955575	
prec.a1	0.7977988	0.3430535	0.9892706	N/A	0	1	1	
prec.a2	1	0.97	1	N/A	0	1	0.8333333	
prec.a3	2.607295e-37	0	0.005361089	N/A	0	1	1	
prec.lag.a1	0.5549467	0.5549467	0.5693972	N/A	0	1	0.02108736	
prec.lag.a2	0.7500386	0.720037	0.757539	N/A	0	1	0.03689903	
prec.lag.a3	0.2976153	0.2946391	0.3005914	N/A	0	1	0.0200565	
prec.b1	0.5	0.5	0.539998	N/A	0.5	10000	1048.524	
prec.b2	559.747	431.1152	589.8225	N/A	0.5	10000	181.0296	
prec.b3	4998.88	0.5	10000	N/A	0.5	10000	9999.5	
prec.lag.b1	539.3415	528.5646	677.1841	N/A	0.5	10000	167.1753	
prec.lag.b2	676.2736	615.449	738.9787	N/A	0.5	10000	7670.071	
prec.lag.b3	582.4319	518.4144	688.2562	N/A	0.5	10000	9999.5	
prec.c1	547.6021	547.6021	547.6021	N/A	292.7737	960.675	0.5562958	
prec.c2	727.3525	718.6609	792.8142	N/A	292.7737	960.675	333.2431	
prec.c3	491.2515	292.7737	960.675	N/A	292.7737	960.675	667.9013	
prec.lag.c1	292.7737	292.7737	346.2058	N/A	292.7737	960.675	556.5844	
prec.lag.c2	292.8741	292.7737	319.5861	N/A	292.7737	960.675	667.9013	
prec.lag.c3	905.8449	869.0606	933.0202	N/A	292.7737	960.675	667.9013	
n.c	4.181515	4.014255	4.468063	N/A	0	40	0.6096632	
n.b	18.00282	17.82279	18.36681	N/A	0	200	0.6252466	

Non-varying parameters:
Label	Value
mean	predicted	
x	incr_mm	
siteplot	stdcode	
region	k_new	
log	TRUE	


Annealing regime:
Initial temp	Rt	ns	nt
3	0.95	20	100

Variance - Covariance Matrix:
[could not be calculated - Hessian matrix is singular]

Source data
[Ommitted from results file]

Likelihood History
Iteration	Temperature	Likelihood
0	3	-23476.71	
0.4939759	3	-23476.4	
0.5542169	3	-23466.33	
2.987952	3	-23440.64	
3.084337	3	-23439.59	
4.204819	3	-23436.18	
4.253012	3	-23432.56	
4.313253	3	-23432.16	
4.518072	3	-23430.82	
4.614458	3	-23427.86	
4.662651	3	-23427.86	
4.686747	3	-23427.86	
4.73494	3	-23427.86	
4.891566	3	-23427.44	
4.951807	3	-23425.41	
4.975904	3	-23425.4	
5	3	-23415.38	
5.060241	3	-23414.84	
5.144578	3	-23413.62	
5.289157	3	-23412.16	
6.156627	3	-23411.61	
6.891566	3	-23409.28	
11.07229	3	-23402.03	
11.28916	3	-23397.83	
11.3494	3	-23396.97	
11.49398	3	-23395.76	
11.51807	3	-23395.55	
11.55422	3	-23395.17	
17.95181	3	-23394.01	
18.49398	3	-23392.25	
19.6506	3	-23392.22	
19.66265	3	-23392.22	
19.6747	3	-23392.22	
19.68675	3	-23392.22	
19.79518	3	-23392.22	
19.87952	3	-23391.4	
20.07229	3	-23390.03	
22.20482	3	-23387.53	
22.27711	3	-23387.28	
23.12048	3	-23386.87	
23.19277	3	-23386.87	
23.22892	3	-23385.35	
23.26506	3	-23385.34	
23.31325	3	-23385.22	
23.55422	3	-23384.37	
23.60241	3	-23384.36	
23.66265	3	-23384.36	
23.6747	3	-23384.36	
23.73494	3	-23384.36	
23.74699	3	-23384.36	
23.86747	3	-23384.22	
24.16867	3	-23383.67	
24.3253	3	-23382.7	
28.3494	3	-23379.42	
28.39759	3	-23379.42	
28.46988	3	-23379.42	
43.12048	3	-23374.4	
43.21687	3	-23374.37	
43.25301	3	-23374.22	
43.28916	3	-23373.14	
43.31325	3	-23373.13	
77.18072	3	-23371.89	
77.22892	3	-23370.65	
77.24096	3	-23370.33	
77.25301	3	-23370.33	
77.3494	3	-23370.05	
77.38554	3	-23364.22	
131.241	3	-23364.03	
135.0361	3	-23362.89	
135.2289	3	-23361.43	
135.253	3	-23358.99	
135.2651	3	-23358.18	
135.2771	3	-23358.16	
135.2892	3	-23357.83	
142.5904	3	-23354.04	
149.1084	3	-23353.65	
149.1205	3	-23351.23	
149.2771	3	-23351.22	
155.8554	3	-23348.21	
155.9036	3	-23345.56	
155.9518	3	-23341.98	
156	3	-23340.47	
156.0241	3	-23340.38	
156.0482	3	-23339.85	
156.3253	3	-23339.72	
156.3494	3	-23338.09	
156.4578	3	-23335.58	
157.0361	3	-23334.86	
157.0482	3	-23333.56	
157.3133	3	-23332.29	
161.1687	3	-23331.25	
161.2289	3	-23330.13	
161.2771	3	-23326.5	
161.4217	3	-23325.97	
174.5181	3	-23324.7	
174.5542	3	-23324.31	
176.0843	3	-23322.97	
176.1205	3	-23320.73	
176.1446	3	-23320.53	
176.2048	3	-23319.27	
177.1084	3	-23318.29	
177.2169	3	-23317.05	
177.241	3	-23311.53	
177.253	3	-23311.51	
177.3012	3	-23309.06	
365.9157	3	-23308.92	
365.9759	3	-23308.92	
767.6506	3	-23307.6	
767.7711	3	-23305.36	
774.1687	3	-23302.23	
774.1807	3	-23299.85	
774.3373	3	-23299.55	
774.3494	3	-23298.99	
774.3614	3	-23298.75	
1000	3	-23298.75	
