Note: [none]
Total # of Iterations:	50000	
Sample size:	19366	
Maximum likelihood:	# Parameters:	AIC corr:	AIC:	Slope:	R2:
-23293.33	56	46698.99	46698.66	1.01275	0.316767	
Model:	model_5BN_1yr
PDF:	User-defined function
Support interval range:	2

Varying parameters:
Label	MLE	Lower S.I.	Upper S.I.	Std Err	Lower Bound	Upper Bound	Final step size
PG1	236.8481	234.4796	243.9535	N/A	0	250	34.84282	
PG2	126.9134	123.106	129.3751	N/A	0	250	5.848318	
PG3	166.4489	158.1264	168.1199	N/A	0	250	8.274975	
PG4	245.0372	235.2357	250	N/A	0	250	71.11111	
PG5	101.1142	91.00279	124.9359	N/A	0	250	23.37635	
PG6	100.0096	97.00935	104.0095	N/A	0	250	5.932511	
PG7	103.6444	100.5351	105.7173	N/A	0	250	6.508067	
PG8	97.05276	95.11171	102.0528	N/A	0	250	7.279007	
PG9	83.70249	81.19142	88.70249	N/A	0	250	4.270405	
PG10	75.15951	70.64994	78.65632	N/A	0	250	3.643669	
PG11	70.53197	67.71069	77.71069	N/A	0	250	8.527839	
PG12	106.1596	102.9748	109.0364	N/A	0	250	5.978997	
PG13	54.76827	52.57754	59.22059	N/A	0	250	3.680697	
PG14	120.6783	114.6444	125.8512	N/A	0	250	8.067338	
PG15	62.64652	56.38187	64.52592	N/A	0	250	5.865515	
PG16	250	240	250	N/A	0	250	250	
PG17	146.1439	140.2981	150.2981	N/A	0	250	6.595655	
PG18	119.9163	115.1196	122.5179	N/A	0	250	6.358896	
PG19	50.55636	49.54523	53.08418	N/A	0	250	2.690311	
PG20	34.82894	32.7392	36.55031	N/A	0	250	2.538037	
PG21	140.5082	136.293	144.1031	N/A	0	250	10.07822	
PG22	109.2243	102.6708	112.0398	N/A	0	250	6.566139	
PG23	149.7977	133.3199	185.8705	N/A	0	250	28.75238	
PG24	131.4187	123.5336	140.9052	N/A	0	250	13.84697	
PG25	133.1109	126.4553	140.1242	N/A	0	250	12.09862	
PG26	126.4976	120.1727	130.2326	N/A	0	250	6.513237	
PG27	157.189	150.9014	159.0452	N/A	0	250	6.74441	
PG28	250	220	250	N/A	0	250	200	
PG29	114.2091	103.9302	125.0723	N/A	0	250	12.05089	
sizeX0	1.305241	1.292188	1.305241	N/A	0	100	0.01561457	
sizeXb	1	1	1	N/A	0	1	0.5976464	
ageX0	0.3124403	0.3093159	0.3155647	N/A	0	1	0.009420233	
int	0.05882721	0.04882658	0.06282486	N/A	0	100	0.01024378	
sigma	0.6681421	0.6614607	0.6681421	N/A	0	2	0.01217525	
alpha	1.576167	1.544644	1.591929	N/A	0	4	0.03727161	
beta	1.035382	1.025028	1.045736	N/A	0	3	0.01361031	
C	144.0709	142.6301	147.4946	N/A	0	1000	2.817531	
gamma	-0.09779587	-0.1181011	-0.08009351	N/A	-2	2	0.03159918	
D	1	1	1	N/A	1	3	0.6902626	
lambda1	0.5965291	0.572668	0.6288068	N/A	0	1	0.05012772	
lambda2	0.5892616	0.4537314	0.7782013	N/A	0	1	0.1808244	
lambda3	0.4245608	0.4160696	0.4445608	N/A	0	1	0.02938348	
lambda4	0.5400457	0.3834324	0.8306178	N/A	0	1	0.3054159	
lambda5	1	0.94	1	N/A	0	1	0.2089796	
temp.a.prime	0.9999999	0.9999999	1	N/A	0	1	0.8	
temp.b.prime	3861.035	39.10035	5000	N/A	0.5	5000	533.28	
temp.c.prime	280.9749	275.1625	284.1181	N/A	275.1625	284.1181	8.955575	
temp.b	4.365932	4.211295	4.453251	N/A	0.5	5000	0.10565	
temp.c	1.863352	1.826085	1.863352	N/A	-1.478618	1.863352	2.673576	
prec.a.prime	0.1317566	0.1317566	0.1317566	N/A	0	1	0.002064818	
prec.b.prime	114.3511	114.3511	114.3511	N/A	0.5	10000	1.356771	
prec.c.prime	661.6664	661.6664	661.6664	N/A	292.7737	960.675	0.9921797	
prec.b	494.0651	444.7086	537.0295	N/A	0.5	10000	59.82114	
prec.c	71.13238	52.29967	87.24544	N/A	-219.0353	263.6541	17.32762	
n.c	9.937481	9.738732	10.13623	N/A	0	40	0.3121178	
n.b	12.93477	12.54673	13.19347	N/A	0	200	0.4676652	

Non-varying parameters:
Label	Value
mean	predicted	
x	incr_mm	
siteplot	stdcode	
log	TRUE	


Annealing regime:
Initial temp	Rt	ns	nt
3	0.95	20	100

Variance - Covariance Matrix:
[could not be calculated - Hessian matrix is singular]

Source data
[Ommitted from results file]

Likelihood History
Iteration	Temperature	Likelihood
0	3	-1359534	
0.01785714	3	-1337500	
0.05357143	3	-1334209	
0.1428571	3	-1333668	
0.1785714	3	-1333379	
0.2678571	3	-1332653	
0.2857143	3	-1332653	
0.3035714	3	-1330200	
0.3214286	3	-1307786	
0.4821429	3	-1299138	
0.5178571	3	-1299127	
0.5535714	3	-1148418	
0.5714286	3	-1100123	
0.6071429	3	-878345.9	
0.625	3	-855460.4	
0.6607143	3	-851305.9	
0.7142857	3	-847206	
0.7857143	3	-843298.7	
0.8035714	3	-843298.7	
0.8214286	3	-46576.73	
0.8392857	3	-46576.72	
0.8928571	3	-31296.61	
0.9285714	3	-31117.98	
0.9642857	3	-31104.99	
1.017857	3	-30856.61	
1.071429	3	-30764.89	
1.125	3	-30530.27	
1.160714	3	-30523.64	
1.214286	3	-30315.47	
1.285714	3	-30308.21	
1.357143	3	-30270.12	
1.375	3	-30252.03	
1.464286	3	-30249.7	
1.5	3	-30245.67	
1.553571	3	-29512.17	
1.767857	3	-29502.15	
1.785714	3	-29442.44	
1.839286	3	-29442.44	
2.071429	3	-29440.88	
2.142857	3	-29313.6	
2.196429	3	-29124.95	
2.25	3	-28937.07	
2.267857	3	-28899.17	
2.285714	3	-28898.44	
2.303571	3	-28612.94	
2.410714	3	-28611.63	
2.553571	3	-28571.19	
2.589286	3	-28538.4	
2.660714	3	-28505.02	
2.732143	3	-28470.74	
2.803571	3	-28470.74	
2.821429	3	-28470.74	
2.946429	3	-28415.78	
2.964286	3	-28415.74	
3.232143	3	-28288.49	
3.285714	3	-28284.09	
3.375	3	-28135.89	
3.589286	3	-28116.63	
3.964286	3	-28116.49	
4.053571	3	-28113.91	
4.071429	3	-28112	
4.107143	3	-28094.77	
4.125	3	-28092.46	
4.267857	3	-28078.04	
4.446429	3	-28073.85	
4.464286	3	-27985.84	
4.482143	3	-27764.32	
4.75	3	-27703.49	
4.767857	3	-27700.7	
4.785714	3	-27698	
4.821429	3	-27697.56	
4.839286	3	-27697.45	
4.928571	3	-27692.54	
4.946429	3	-27692.49	
5.053571	3	-27690.54	
5.232143	3	-27659	
5.25	3	-27563.65	
5.321429	3	-27414.87	
5.589286	3	-27414.08	
5.732143	3	-27413.27	
6.053571	3	-27410.99	
6.178571	3	-27402.01	
6.410714	3	-27401.91	
6.464286	3	-27399.65	
6.767857	3	-27399.18	
6.803571	3	-27399.18	
6.839286	3	-27399.14	
7.267857	3	-27388.86	
7.714286	3	-27388.01	
7.732143	3	-27385.58	
8.142857	3	-27365	
8.285714	3	-27363.64	
8.589286	3	-27362.55	
8.785714	3	-27362.22	
8.928571	3	-27362.19	
8.964286	3	-27362.15	
9.142857	3	-27269.26	
9.303571	3	-27253.02	
9.517857	3	-27242.17	
9.732143	3	-27241.97	
10.33929	3	-27217.28	
10.44643	3	-27217.24	
11.03571	3	-27200.63	
11.125	3	-27191.52	
11.41071	3	-27190.2	
11.46429	3	-27175.25	
11.76786	3	-27175.08	
11.96429	3	-27174.82	
12.07143	3	-27170.18	
12.25	3	-27150.91	
12.71429	3	-27144.73	
12.76786	3	-27142.71	
13.03571	3	-27110.95	
13.26786	3	-27108.27	
13.32143	3	-27023.58	
14.08929	3	-27022.63	
14.17857	3	-27021.11	
15.23214	3	-27008.03	
15.28571	3	-27007.88	
15.32143	3	-27003.6	
15.375	3	-27003.37	
15.39286	3	-27000.47	
15.41071	3	-26999.53	
16.14286	3	-26991.93	
16.60714	3	-26788.87	
16.625	3	-26770.47	
16.67857	3	-26763.33	
16.76786	3	-26763.32	
16.78571	3	-26763.32	
16.80357	3	-26763.32	
17.5	3	-26762.74	
17.71429	3	-26749.07	
17.875	3	-26745.44	
17.89286	3	-26537.15	
17.94643	3	-26525.42	
17.96429	3	-26525.21	
18.42857	3	-26522.45	
18.58929	3	-26522.43	
18.60714	3	-26146.9	
18.625	3	-26145.41	
18.73214	3	-26144.34	
18.75	3	-26082.95	
18.76786	3	-26081.31	
18.78571	3	-26075.89	
18.875	3	-25818.35	
18.94643	3	-25795.37	
19.07143	3	-25789.83	
19.625	3	-25741.55	
19.73214	3	-25741.53	
19.76786	3	-25741.42	
19.78571	3	-25716.03	
19.82143	3	-25716.03	
20.375	3	-25714.12	
20.5	3	-25712.17	
20.58929	3	-25712.17	
20.60714	3	-25434.62	
20.625	3	-25432.43	
20.71429	3	-25420.58	
20.73214	3	-25420.53	
20.96429	3	-25371.05	
21.03571	3	-25314.43	
21.17857	3	-25306.84	
21.25	3	-25305.28	
21.42857	3	-25303.91	
21.51786	3	-25299.65	
21.875	3	-25282.67	
22.48214	3	-25279.85	
22.55357	3	-25278.99	
22.58929	3	-25278.99	
22.625	3	-25190.55	
22.71429	3	-25183.33	
22.73214	3	-25181.76	
22.94643	3	-25162.23	
23.23214	3	-25142.99	
23.48214	3	-25139.01	
23.5	3	-25138.27	
23.71429	3	-25136.29	
23.75	3	-25131.51	
23.94643	3	-25130.75	
23.96429	3	-25130.59	
24.01786	3	-25121.39	
24.03571	3	-25102.41	
24.08929	3	-25100.11	
24.44643	3	-25098.18	
24.60714	3	-24926.92	
24.98214	3	-24879.33	
25	3	-24824.33	
25.01786	3	-24821.56	
25.16071	3	-24818.33	
25.39286	3	-24817.8	
25.64286	3	-24816.92	
25.73214	3	-24809.37	
25.75	3	-24800.99	
25.78571	3	-24799.08	
25.82143	3	-24799.08	
25.83929	3	-24799.08	
25.94643	3	-24799.02	
25.98214	3	-24796.14	
26.05357	3	-24793.23	
26.19643	3	-24792.94	
26.32143	3	-24791.27	
26.35714	3	-24791.07	
26.39286	3	-24790.35	
27.01786	3	-24767.55	
27.21429	3	-24765.59	
28.25	3	-24765.49	
28.46429	3	-24763.3	
28.51786	3	-24762.2	
28.60714	3	-24719.34	
28.83929	3	-24719.08	
29.01786	3	-24718.07	
29.03571	3	-24705.21	
29.16071	3	-24704.09	
29.39286	3	-24701.81	
29.42857	3	-24700.48	
29.5	3	-24700.39	
29.58929	3	-24700.39	
29.60714	3	-24563.55	
29.64286	3	-24423.72	
29.75	3	-24368.4	
29.76786	3	-24365.73	
30.35714	3	-24351.24	
30.375	3	-24350.04	
30.41071	3	-24348.47	
30.67857	3	-24320.78	
30.76786	3	-24320.61	
30.78571	3	-24320.42	
31.71429	3	-24311.52	
31.76786	3	-24311.51	
31.82143	3	-24311.51	
31.94643	3	-24304.09	
31.96429	3	-24303.49	
32.01786	3	-24303.18	
32.10714	3	-24300.47	
32.125	3	-24299.62	
32.46429	3	-24290.69	
32.48214	3	-24279.18	
32.625	3	-24263.65	
32.71429	3	-24261.93	
32.75	3	-24233.35	
32.92857	3	-24230.29	
32.94643	3	-24230.26	
33.01786	3	-24230.19	
34.17857	3	-24228.51	
34.23214	3	-24220.29	
34.42857	3	-24218.97	
34.5	3	-24218.3	
34.60714	3	-24172.97	
34.76786	3	-24171.49	
35.16071	3	-24158.73	
35.21429	3	-24158.56	
35.75	3	-24146.86	
35.96429	3	-24145.09	
36.01786	3	-24145.08	
38.39286	3	-24144.52	
38.41071	3	-24144.44	
39.16071	3	-24137.89	
39.26786	3	-24124.23	
39.28571	3	-24124.23	
39.32143	3	-24106.55	
39.44643	3	-24100.88	
39.66071	3	-24086.86	
40.10714	3	-24085.91	
40.17857	3	-24085.68	
40.28571	3	-24085.68	
40.30357	3	-24080.23	
40.71429	3	-24061.17	
40.82143	3	-24061.16	
41.375	3	-24051.39	
45.03571	3	-24046.62	
45.125	3	-24044.3	
49.19643	3	-24043.34	
49.60714	3	-23978.81	
49.66071	3	-23894.29	
49.875	3	-23875.16	
50.05357	3	-23875.14	
50.23214	3	-23874.1	
50.30357	3	-23869.1	
50.46429	3	-23867.84	
50.48214	3	-23867.25	
50.5	3	-23866.98	
50.73214	3	-23859.4	
50.76786	3	-23859.39	
50.80357	3	-23859.21	
51	3	-23855.51	
51.01786	3	-23855.51	
51.07143	3	-23855.51	
51.10714	3	-23854.46	
53.64286	3	-23852.45	
53.73214	3	-23849.27	
53.76786	3	-23845.71	
53.78571	3	-23845.61	
53.80357	3	-23845.6	
53.82143	3	-23845.6	
53.94643	3	-23844.72	
54.125	3	-23844.49	
54.16071	3	-23840.4	
54.375	3	-23839.49	
54.39286	3	-23838.62	
54.67857	3	-23837.32	
54.71429	3	-23826.62	
54.76786	3	-23826.31	
54.80357	3	-23826.24	
54.83929	3	-23826.24	
55.01786	3	-23826.24	
55.07143	3	-23826.24	
55.19643	3	-23822.99	
55.35714	3	-23815.91	
55.46429	3	-23814.99	
55.5	3	-23814.51	
55.60714	3	-23810.9	
55.75	3	-23807.79	
56.21429	3	-23802.32	
56.25	3	-23799.57	
56.44643	3	-23799.32	
56.51786	3	-23797.51	
56.64286	3	-23789.16	
56.67857	3	-23788.46	
56.71429	3	-23781.31	
57.41071	3	-23775.99	
57.46429	3	-23775.79	
57.73214	3	-23773.62	
58.76786	3	-23772.5	
58.80357	3	-23772.46	
58.82143	3	-23772.46	
59.19643	3	-23772.06	
59.375	3	-23771.18	
63.19643	3	-23768.72	
63.48214	3	-23768.42	
63.57143	3	-23767.53	
65.17857	3	-23766.92	
65.26786	3	-23766.92	
65.30357	3	-23763.18	
65.625	3	-23733.55	
65.75	3	-23732.71	
66.94643	3	-23730.26	
67.01786	3	-23730.26	
67.07143	3	-23730.26	
68.71429	3	-23727.41	
68.82143	3	-23727.21	
69.10714	3	-23727.16	
69.60714	3	-23712.62	
69.69643	3	-23712.61	
69.71429	3	-23708.1	
69.96429	3	-23707.62	
70.07143	3	-23707.62	
70.10714	3	-23706.82	
72.48214	3	-23706.17	
73.32143	3	-23701.06	
73.67857	3	-23698.06	
74.26786	3	-23697.77	
74.32143	3	-23697.54	
74.39286	3	-23696.21	
77.57143	3	-23694.3	
77.64286	3	-23692.89	
77.71429	3	-23692.26	
77.76786	3	-23692.04	
77.78571	3	-23692.04	
77.80357	3	-23692.04	
77.83929	3	-23692.04	
77.875	3	-23691.3	
78.21429	3	-23689.91	
78.42857	3	-23689.49	
79.17857	3	-23689.19	
79.19643	3	-23686.31	
79.23214	3	-23685.41	
79.5	3	-23684.35	
79.625	3	-23682.92	
79.73214	3	-23682.47	
79.76786	3	-23682.45	
79.78571	3	-23682.45	
79.80357	3	-23682.45	
80.03571	3	-23679.55	
80.05357	3	-23679.55	
80.125	3	-23677.98	
86.39286	3	-23676.14	
86.46429	3	-23667.18	
86.48214	3	-23658.81	
86.57143	3	-23658.39	
86.98214	3	-23658.27	
87.05357	3	-23658.27	
87.21429	3	-23658.06	
87.44643	3	-23656.82	
87.625	3	-23654.62	
88.23214	3	-23651.92	
88.25	3	-23651.7	
88.26786	3	-23648.34	
88.32143	3	-23644.71	
88.35714	3	-23644.31	
88.375	3	-23641.79	
89.82143	3	-23640.07	
89.875	3	-23639.98	
89.89286	3	-23637.79	
89.92857	3	-23637.79	
108.9286	3	-23635.3	
108.9643	3	-23633.63	
109.0357	3	-23628.81	
109.0893	3	-23624.8	
109.1607	3	-23618.15	
109.1964	3	-23617.51	
109.3929	3	-23615.09	
109.7143	3	-23613.88	
109.9464	3	-23609.61	
110	3	-23609.07	
110.0893	3	-23609.05	
110.1607	3	-23603.13	
110.4821	3	-23601.85	
110.7679	3	-23601.25	
110.8036	3	-23601.25	
110.8393	3	-23601.25	
110.9643	3	-23600.88	
111.2679	3	-23600.78	
111.3036	3	-23597.65	
111.4643	3	-23596.45	
112.4464	3	-23596.02	
112.5536	3	-23593.03	
112.6786	3	-23588.47	
112.6964	3	-23588.47	
112.7679	3	-23588.33	
112.8393	3	-23588.33	
112.875	3	-23587.8	
124.7679	3	-23585.51	
124.8214	3	-23585.51	
125	3	-23582.93	
125.0536	3	-23582.93	
125.0893	3	-23582.71	
127.75	3	-23578.5	
128.3036	3	-23578.28	
128.4286	3	-23576.58	
128.4821	3	-23571.1	
128.5	3	-23571.1	
128.5714	3	-23569.29	
128.9464	3	-23560.11	
131.8571	3	-23548.05	
131.9107	3	-23547.67	
132.6071	3	-23546.75	
132.6429	3	-23546.14	
132.7143	3	-23545.29	
133.4464	3	-23544.88	
133.5714	3	-23543.28	
133.6071	3	-23543.25	
133.625	3	-23542.56	
133.6429	3	-23540.97	
133.7321	3	-23538.52	
134.4643	3	-23537.21	
134.6786	3	-23533.35	
135.6429	3	-23531.82	
135.7143	3	-23530.54	
135.9107	3	-23526.65	
135.9821	3	-23526.59	
142.5536	3	-23526.38	
142.5714	3	-23525.59	
142.875	3	-23517.24	
142.9643	3	-23516.04	
142.9821	3	-23516.03	
143.1429	3	-23515.6	
143.4464	3	-23514.96	
143.5	3	-23514.95	
143.875	3	-23514.62	
143.8929	3	-23513.55	
144.2321	3	-23510.9	
144.3929	3	-23509.82	
144.7679	3	-23508.36	
144.8214	3	-23508.36	
144.8929	3	-23507.17	
144.9821	3	-23506.95	
145.0179	3	-23506.39	
145.1071	3	-23504.44	
146.1964	3	-23501.03	
147.125	3	-23500.38	
147.2679	3	-23499.38	
149.0357	3	-23497.77	
149.0714	3	-23497.77	
149.1607	3	-23497.22	
149.1964	3	-23493.08	
150.5536	3	-23482.27	
150.5714	3	-23479.4	
150.8929	3	-23478.35	
150.9821	3	-23477.52	
151.1429	3	-23476.93	
151.2143	3	-23475.87	
151.2679	3	-23475.66	
151.3036	3	-23472.61	
158.6429	3	-23471.57	
158.875	3	-23469.18	
158.8929	3	-23466.22	
159.6607	3	-23465.42	
159.7857	3	-23464.45	
159.8393	3	-23459.13	
159.875	3	-23458.77	
159.9107	3	-23458.46	
159.9821	3	-23455.87	
160	3	-23450.9	
165.125	3	-23450.52	
165.1429	3	-23447.68	
165.1786	3	-23446.23	
165.2679	3	-23445.32	
165.7321	3	-23441.08	
166.3036	3	-23436.39	
166.7321	3	-23434.51	
167.1071	3	-23434.09	
167.3036	3	-23430.73	
167.3214	3	-23428.03	
167.8929	3	-23427.16	
168.625	3	-23425.77	
184.1786	3	-23425.23	
184.4286	3	-23423.73	
199.125	3	-23423.12	
199.1429	3	-23422.16	
221.7321	3	-23421.56	
222.9107	3	-23421.51	
223.1429	3	-23420.2	
223.8571	3	-23419.86	
223.8929	3	-23419.64	
227.75	3	-23419.14	
227.7679	3	-23419.03	
227.8214	3	-23419.03	
229.125	3	-23418.97	
229.1607	3	-23417.83	
229.2321	3	-23417.73	
230.2679	3	-23416.27	
230.4286	3	-23415.66	
230.5357	3	-23414.23	
230.6071	3	-23411.42	
230.6607	3	-23410.54	
230.7321	3	-23408.66	
230.7679	3	-23407.09	
230.8214	3	-23407.09	
230.8393	3	-23407.09	
230.875	3	-23406.92	
260.1964	3	-23405.45	
260.2143	3	-23405.25	
260.2679	3	-23404.11	
261.625	3	-23402.08	
261.6429	3	-23401.64	
261.6786	3	-23401.52	
261.9464	3	-23401.42	
262.0357	3	-23401.23	
262.0714	3	-23401.23	
282.8929	3	-23401.18	
283.3036	3	-23396.41	
283.3393	3	-23395.33	
284.6429	3	-23393.13	
305.0357	3	-23391.24	
305.25	3	-23390.39	
305.2679	3	-23386.72	
390.3214	3	-23384.58	
390.3393	3	-23384.58	
390.4643	3	-23382.77	
390.4821	3	-23382.57	
390.5	3	-23382.56	
434.0893	3	-23380.42	
434.1071	3	-23375.3	
434.2321	3	-23375.22	
434.2679	3	-23375.1	
434.5357	3	-23374.69	
434.5536	3	-23374.69	
434.625	3	-23373.54	
434.6429	3	-23371.25	
963.3929	3	-23371.05	
964	3	-23368.57	
1000	3	-23368.57	
2000	2.85	-23368.57	
3000	2.85	-23368.57	
4000	2.7075	-23368.57	
4671.482	2.7075	-23363.14	
5000	2.7075	-23363.14	
6000	2.572125	-23363.14	
7000	2.572125	-23363.14	
8000	2.443519	-23363.14	
8056.393	2.443519	-23362.84	
8056.411	2.443519	-23362.64	
8056.429	2.443519	-23362.35	
8056.5	2.443519	-23362.35	
8056.518	2.443519	-23362.19	
8056.536	2.443519	-23362.14	
9000	2.443519	-23362.14	
9864	2.443519	-23361	
9864.125	2.443519	-23360.45	
10000	2.321343	-23360.45	
11000	2.321343	-23360.45	
11490.54	2.321343	-23360.43	
11490.59	2.321343	-23359.63	
11490.61	2.321343	-23358.73	
11490.77	2.321343	-23357.61	
11490.82	2.321343	-23357.38	
11490.95	2.321343	-23356.21	
11490.96	2.321343	-23355.8	
11490.98	2.321343	-23355.62	
11515.32	2.321343	-23353.61	
11534.57	2.321343	-23353.48	
11534.59	2.321343	-23352.43	
11587.68	2.321343	-23351.07	
11587.77	2.321343	-23350.99	
11689.8	2.321343	-23350.52	
11689.82	2.321343	-23350.33	
11689.84	2.321343	-23350.26	
12000	2.205276	-23350.26	
12151.68	2.205276	-23350.15	
12151.71	2.205276	-23350.09	
12151.73	2.205276	-23349.16	
12151.79	2.205276	-23349.16	
12151.82	2.205276	-23349.15	
12151.84	2.205276	-23349.14	
12151.88	2.205276	-23349.14	
12151.89	2.205276	-23348.89	
12152.02	2.205276	-23348.89	
13000	2.205276	-23348.89	
14000	2.095012	-23348.89	
15000	2.095012	-23348.89	
16000	1.990261	-23348.89	
16988.77	1.990261	-23346.71	
17000	1.990261	-23346.71	
17206.96	1.990261	-23343.97	
17206.98	1.990261	-23343.89	
17207.11	1.990261	-23343.59	
17207.16	1.990261	-23343.22	
17207.18	1.990261	-23342.3	
18000	1.890748	-23342.3	
19000	1.890748	-23342.3	
20000	1.796211	-23342.3	
21000	1.796211	-23342.3	
22000	1.7064	-23342.3	
22002.02	1.7064	-23341.55	
22002.11	1.7064	-23341.45	
22211.04	1.7064	-23341.4	
22211.07	1.7064	-23341.4	
22211.11	1.7064	-23340.63	
22235.21	1.7064	-23340.06	
22235.23	1.7064	-23339.97	
22235.36	1.7064	-23339.82	
22235.46	1.7064	-23339.18	
22235.59	1.7064	-23339.11	
22235.64	1.7064	-23338.93	
22235.75	1.7064	-23338.86	
23000	1.7064	-23338.86	
23361.11	1.7064	-23338.21	
23361.12	1.7064	-23337.59	
23361.25	1.7064	-23337.46	
23599.77	1.7064	-23337.1	
23600.2	1.7064	-23336.38	
23742.11	1.7064	-23333.72	
23742.12	1.7064	-23333.67	
23745.77	1.7064	-23332	
23745.82	1.7064	-23332	
23745.89	1.7064	-23331.96	
23745.95	1.7064	-23330.7	
23968.32	1.7064	-23329.1	
23968.34	1.7064	-23328.28	
23976.3	1.7064	-23328.24	
24000	1.62108	-23328.24	
24168.3	1.62108	-23328.16	
24168.77	1.62108	-23326.99	
24168.8	1.62108	-23326.99	
24169.18	1.62108	-23326.79	
24169.38	1.62108	-23325.05	
24171.43	1.62108	-23324.95	
24171.48	1.62108	-23324.71	
24171.64	1.62108	-23324.59	
24171.82	1.62108	-23324.54	
24171.86	1.62108	-23323.75	
24171.89	1.62108	-23323.69	
24171.93	1.62108	-23323.59	
24171.95	1.62108	-23323.04	
24171.98	1.62108	-23322.73	
24172.04	1.62108	-23321.95	
24927.43	1.62108	-23321.5	
24927.45	1.62108	-23321.04	
25000	1.62108	-23321.04	
25288.27	1.62108	-23320.73	
25288.29	1.62108	-23320.73	
25643.71	1.62108	-23319.92	
25643.75	1.62108	-23319.85	
25696.3	1.62108	-23318.35	
26000	1.540026	-23318.35	
26332.79	1.540026	-23318.17	
26332.8	1.540026	-23318.17	
26332.82	1.540026	-23318.17	
26333	1.540026	-23317.61	
26333.02	1.540026	-23317.61	
26333.04	1.540026	-23317.33	
26333.09	1.540026	-23316.44	
26333.11	1.540026	-23316.4	
26333.21	1.540026	-23315.5	
26333.23	1.540026	-23314.84	
26333.25	1.540026	-23314.75	
26375.45	1.540026	-23314.4	
26375.46	1.540026	-23313.98	
26375.54	1.540026	-23313.81	
26375.57	1.540026	-23313.65	
26375.77	1.540026	-23313.36	
26377.41	1.540026	-23313.12	
26377.59	1.540026	-23313.02	
27000	1.540026	-23313.02	
28000	1.463025	-23313.02	
28486.66	1.463025	-23312.79	
28486.7	1.463025	-23312.79	
28604.23	1.463025	-23312.43	
28604.27	1.463025	-23312.13	
28604.29	1.463025	-23312.13	
28604.75	1.463025	-23311.04	
28604.77	1.463025	-23310.83	
28604.95	1.463025	-23310.45	
28605.05	1.463025	-23309.68	
28605.11	1.463025	-23309.6	
28605.12	1.463025	-23309.52	
28605.18	1.463025	-23308.46	
28672.52	1.463025	-23308.35	
28672.54	1.463025	-23308	
28672.57	1.463025	-23307.45	
28672.96	1.463025	-23307.33	
28673.02	1.463025	-23307.33	
28673.12	1.463025	-23307.01	
28733.02	1.463025	-23305.46	
29000	1.463025	-23305.46	
30000	1.389874	-23305.46	
30408.34	1.389874	-23303.69	
30408.36	1.389874	-23303.44	
30545.57	1.389874	-23303.08	
30546.62	1.389874	-23302.32	
30546.64	1.389874	-23302.05	
30753.73	1.389874	-23301.88	
30753.77	1.389874	-23301.4	
30754.04	1.389874	-23301.24	
30754.09	1.389874	-23300.71	
31000	1.389874	-23300.71	
31323	1.389874	-23300.67	
31323.02	1.389874	-23300.49	
32000	1.32038	-23300.49	
33000	1.32038	-23300.49	
34000	1.254361	-23300.49	
34813.05	1.254361	-23299.46	
34813.07	1.254361	-23299.46	
35000	1.254361	-23299.46	
36000	1.191643	-23299.46	
37000	1.191643	-23299.46	
37325.96	1.191643	-23299.02	
37326.02	1.191643	-23298.96	
37326.05	1.191643	-23297.83	
37326.2	1.191643	-23296.5	
38000	1.132061	-23296.5	
39000	1.132061	-23296.5	
40000	1.075458	-23296.5	
41000	1.075458	-23296.5	
41971.18	1.075458	-23296.41	
41971.21	1.075458	-23295.64	
41971.3	1.075458	-23295.49	
42000	1.021685	-23295.49	
42960.45	1.021685	-23295.04	
42960.52	1.021685	-23294.24	
42960.96	1.021685	-23294.14	
43000	1.021685	-23294.14	
44000	0.9706006	-23294.14	
45000	0.9706006	-23294.14	
46000	0.9220706	-23294.14	
46916.16	0.9220706	-23293.62	
47000	0.9220706	-23293.62	
47811.54	0.9220706	-23293.52	
47811.68	0.9220706	-23293.37	
47811.71	0.9220706	-23293.33	
48000	0.8759671	-23293.33	
49000	0.8759671	-23293.33	
50000	0.8321687	-23293.33	
