Note: [none]
Total # of Iterations:	1e+05	
Sample size:	19366	
Maximum likelihood:	# Parameters:	AIC corr:	AIC:	Slope:	R2:
-23198.46	66	46529.37	46528.91	1.013365	0.3180304	
Model:	model_5BN
PDF:	User-defined function
Support interval range:	2

Varying parameters:
Label	MLE	Lower S.I.	Upper S.I.	Std Err	Lower Bound	Upper Bound	Final step size
PG1	118.0377	116.8573	120.3984	N/A	0	250	1.380393	
PG2	48.98158	47.51214	49.96122	N/A	0	250	1.324341	
PG3	57.879	56.14263	59.03658	N/A	0	250	1.305717	
PG4	122.1132	118.4498	127.2287	N/A	0	250	3.291802	
PG5	45.01164	40.51048	55.01164	N/A	0	250	9.306282	
PG6	89.73472	86.14533	92.94002	N/A	0	250	2.606339	
PG7	21.84235	21.18708	22.29867	N/A	0	250	0.4479448	
PG8	83.71751	81.20599	86.22904	N/A	0	250	1.863947	
PG9	43.52958	41.7884	45.27076	N/A	0	250	0.9186273	
PG10	14.46544	13.74217	15.22582	N/A	0	250	1.040767	
PG11	16.85552	15.67564	17.7881	N/A	0	250	0.922246	
PG12	17.77444	17.41896	18.41664	N/A	0	250	0.5809098	
PG13	12.8539	12.33974	13.80248	N/A	0	250	0.4925956	
PG14	20.42339	19.60646	21.54593	N/A	0	250	0.9364731	
PG15	18.11477	17.02788	18.94083	N/A	0	250	0.8127859	
PG16	249.9977	234.9978	250	N/A	0	250	103.3399	
PG17	149.7003	143.7123	153.7123	N/A	0	250	4.590401	
PG18	57.89643	56.15953	59.63332	N/A	0	250	1.372139	
PG19	38.05349	36.53135	38.90127	N/A	0	250	0.7229476	
PG20	25.95209	24.65448	27.29637	N/A	0	250	1.026278	
PG21	50.37901	48.86764	51.89038	N/A	0	250	1.492858	
PG22	49.53424	48.04821	52.50629	N/A	0	250	1.831558	
PG23	110.4223	92.75476	127.1717	N/A	0	250	13.14263	
PG24	87.58651	82.33132	92.58651	N/A	0	250	5.25621	
PG25	83.40197	79.23187	87.56795	N/A	0	250	3.594816	
PG26	45.86013	44.02572	47.69453	N/A	0	250	1.619504	
PG27	54.46288	53.37362	55.55214	N/A	0	250	0.9639898	
PG28	131.3873	114.3069	177.774	N/A	0	250	14.94305	
PG29	86.34497	79.43737	95.48152	N/A	0	250	7.651358	
sizeX0	0.9954105	0.9954105	0.9954105	N/A	0	100	0.004437269	
sizeXb	1	1	1	N/A	0	1	0.04988525	
ageX0	0.3127922	0.3096643	0.3159201	N/A	0	1	0.003562478	
int	0.0456533	0.03789224	0.05102107	N/A	0	100	0.007176029	
sigma	0.6767086	0.6699415	0.6767086	N/A	0	2	0.005392599	
alpha	1.689993	1.673093	1.706893	N/A	0	4	0.01499504	
beta	1.04978	1.039282	1.060278	N/A	0	3	0.01162048	
C	164.8824	163.2336	168.2229	N/A	0	1000	2.107642	
gamma	-0.179541	-0.1980916	-0.1557754	N/A	-2	2	0.0141353	
D	1.000013	1	1.000013	N/A	1	3	0.02726963	
lambda1	0.5349156	0.5081698	0.5681698	N/A	0	1	0.02517438	
lambda2	0.7347152	0.580425	0.8963525	N/A	0	1	0.0715067	
lambda3	0.4176815	0.4093279	0.4376815	N/A	0	1	0.009484746	
lambda4	0.7107224	0.4832912	0.9168319	N/A	0	1	0.1495934	
lambda5	1	0.96	1	N/A	0	1	0.1528824	
temp.a.prime	1	0.98	1	N/A	0	1	0.5924571	
temp.lag.a.prime	0.3357904	0.3324325	0.3357904	N/A	0	1	0.002455756	
temp.b.prime	0.5404128	0.5350087	0.545817	N/A	0.5	5000	0.005116543	
temp.lag.b.prime	4603.448	46.52448	5000	N/A	0.5	5000	4999.5	
temp.c.prime	278.3914	278.3914	278.3914	N/A	275.1625	284.1181	0.007667983	
temp.lag.c.prime	276.2815	275.1625	284.1181	N/A	275.1625	284.1181	8.955575	
temp.b	2.510282	2.444974	2.585591	N/A	0.5	5000	0.05202579	
temp.lag.b	247.1215	17.7585	5000	N/A	0.5	5000	4999.5	
temp.c	1.863352	1.807452	1.863352	N/A	-1.478618	1.863352	3.34197	
temp.lag.c	-0.6396262	-1.478618	1.863352	N/A	-1.478618	1.863352	3.34197	
prec.a.prime	0.6961179	0.6961179	0.6961179	N/A	0	1	0.004121653	
prec.lag.a.prime	0.2403353	0.1682347	0.3155286	N/A	0	1	0.06092857	
prec.b.prime	107.1542	107.1542	107.1542	N/A	0.5	10000	0.4904037	
prec.lag.b.prime	4339.854	0.5	10000	N/A	0.5	10000	9999.5	
prec.c.prime	635.062	635.062	635.062	N/A	292.7737	960.675	0.5316081	
prec.lag.c.prime	945.7189	292.7737	960.675	N/A	292.7737	960.675	667.9013	
prec.b	456.9737	415.886	489.7689	N/A	0.5	10000	21.65489	
prec.lag.b	0.9227587	0.7658897	1.131968	N/A	0.5	10000	0.1413657	
prec.c	65.57512	52.22345	82.07719	N/A	-219.0353	263.6541	8.012209	
prec.lag.c	1.063834	0.7997152	1.347701	N/A	-219.0353	263.6541	0.283642	
n.c	8.869993	8.603893	9.047393	N/A	0	40	0.2002483	
n.b	13.97983	13.56044	14.25943	N/A	0	200	0.4307375	

Non-varying parameters:
Label	Value
mean	predicted	
x	incr_mm	
siteplot	stdcode	
log	TRUE	


Annealing regime:
Initial temp	Rt	ns	nt
3	0.95	20	100

Variance - Covariance Matrix:
[could not be calculated - Hessian matrix is singular]

Source data
[Ommitted from results file]

Likelihood History
Iteration	Temperature	Likelihood
0	3	-23261.27	
0.4242424	3	-23261.27	
1000	3	-23261.27	
2000	2.85	-23261.27	
3000	2.85	-23261.27	
4000	2.7075	-23261.27	
5000	2.7075	-23261.27	
6000	2.572125	-23261.27	
7000	2.572125	-23261.27	
8000	2.443519	-23261.27	
9000	2.443519	-23261.27	
10000	2.321343	-23261.27	
10785.62	2.321343	-23259.92	
11000	2.321343	-23259.92	
12000	2.205276	-23259.92	
13000	2.205276	-23259.92	
14000	2.095012	-23259.92	
15000	2.095012	-23259.92	
16000	1.990261	-23259.92	
17000	1.990261	-23259.92	
17271.36	1.990261	-23259.8	
17271.38	1.990261	-23258.71	
17271.45	1.990261	-23257.08	
17507.38	1.990261	-23255.93	
17507.39	1.990261	-23255.88	
17507.41	1.990261	-23254.74	
17507.45	1.990261	-23253.41	
17507.55	1.990261	-23252.75	
17507.62	1.990261	-23251.85	
17507.65	1.990261	-23251.66	
17507.8	1.990261	-23250.7	
17507.82	1.990261	-23250.7	
17508.05	1.990261	-23250.47	
18000	1.890748	-23250.47	
18808.38	1.890748	-23249.81	
18808.45	1.890748	-23248.72	
18808.48	1.890748	-23248.69	
18808.5	1.890748	-23248.12	
18814.05	1.890748	-23246.44	
18814.26	1.890748	-23245.15	
19000	1.890748	-23245.15	
20000	1.796211	-23245.15	
21000	1.796211	-23245.15	
22000	1.7064	-23245.15	
23000	1.7064	-23245.15	
23842.53	1.7064	-23244.48	
23842.7	1.7064	-23244.48	
24000	1.62108	-23244.48	
24349.5	1.62108	-23243.95	
24349.52	1.62108	-23243.62	
24349.53	1.62108	-23243.59	
24349.55	1.62108	-23243.44	
24349.62	1.62108	-23241.37	
24545.94	1.62108	-23240.53	
24584.5	1.62108	-23240.32	
24584.52	1.62108	-23238.98	
24740.83	1.62108	-23238.62	
24740.95	1.62108	-23237.68	
24741.06	1.62108	-23237.65	
24741.08	1.62108	-23237.32	
24745.38	1.62108	-23237.3	
25000	1.62108	-23237.3	
25012.77	1.62108	-23237.24	
25012.97	1.62108	-23236.68	
25013	1.62108	-23236.53	
26000	1.540026	-23236.53	
27000	1.540026	-23236.53	
27331.83	1.540026	-23235.53	
28000	1.463025	-23235.53	
28615.41	1.463025	-23235.26	
28615.42	1.463025	-23235.26	
28615.55	1.463025	-23234.61	
28651.85	1.463025	-23234.55	
29000	1.463025	-23234.55	
30000	1.389874	-23234.55	
30714.33	1.389874	-23234.21	
30714.35	1.389874	-23232.3	
30863.38	1.389874	-23232.14	
30863.92	1.389874	-23231.81	
30863.94	1.389874	-23231.06	
31000	1.389874	-23231.06	
31161.5	1.389874	-23230.6	
31228.14	1.389874	-23230.02	
31228.18	1.389874	-23229.86	
31228.33	1.389874	-23229.65	
31228.35	1.389874	-23229.08	
31228.38	1.389874	-23228.6	
31228.53	1.389874	-23225.58	
31228.56	1.389874	-23225.19	
31228.59	1.389874	-23225.18	
32000	1.32038	-23225.18	
32063.26	1.32038	-23224.46	
32063.27	1.32038	-23222.41	
33000	1.32038	-23222.41	
33476.14	1.32038	-23221.99	
33476.2	1.32038	-23221.43	
34000	1.254361	-23221.43	
35000	1.254361	-23221.43	
35879.58	1.254361	-23221.4	
35879.61	1.254361	-23221.25	
35879.89	1.254361	-23221.12	
36000	1.191643	-23221.12	
36394.09	1.191643	-23220.8	
36772.55	1.191643	-23220.49	
37000	1.191643	-23220.49	
37669.26	1.191643	-23220.34	
38000	1.132061	-23220.34	
38277.15	1.132061	-23220.27	
39000	1.132061	-23220.27	
39707.3	1.132061	-23219.64	
39707.33	1.132061	-23219.45	
40000	1.075458	-23219.45	
40804.29	1.075458	-23219.38	
40804.3	1.075458	-23219.34	
41000	1.075458	-23219.34	
42000	1.021685	-23219.34	
43000	1.021685	-23219.34	
43797.14	1.021685	-23218.89	
43797.15	1.021685	-23218.47	
43797.18	1.021685	-23218.43	
43797.26	1.021685	-23218.33	
43797.32	1.021685	-23218.13	
43797.35	1.021685	-23218.04	
44000	0.9706006	-23218.04	
45000	0.9706006	-23218.04	
46000	0.9220706	-23218.04	
46609.35	0.9220706	-23217.76	
46837.09	0.9220706	-23216.64	
46883.23	0.9220706	-23216.05	
46883.44	0.9220706	-23215.83	
46955.44	0.9220706	-23215.68	
46955.53	0.9220706	-23215.16	
46955.58	0.9220706	-23214.95	
46955.61	0.9220706	-23214.62	
47000	0.9220706	-23214.62	
48000	0.8759671	-23214.62	
48367.44	0.8759671	-23214.2	
48367.45	0.8759671	-23214.16	
48367.59	0.8759671	-23214.16	
48367.74	0.8759671	-23214.08	
48367.77	0.8759671	-23214	
48367.79	0.8759671	-23214	
48367.89	0.8759671	-23213.47	
49000	0.8759671	-23213.47	
50000	0.8321687	-23213.47	
51000	0.8321687	-23213.47	
52000	0.7905603	-23213.47	
53000	0.7905603	-23213.47	
54000	0.7510323	-23213.47	
55000	0.7510323	-23213.47	
55212.97	0.7510323	-23213.25	
55213	0.7510323	-23212.81	
55213.02	0.7510323	-23212.79	
55213.2	0.7510323	-23212.78	
56000	0.7134807	-23212.78	
56003.39	0.7134807	-23212.73	
56003.42	0.7134807	-23212.73	
56003.7	0.7134807	-23212.35	
56524.68	0.7134807	-23212.34	
57000	0.7134807	-23212.34	
57195.97	0.7134807	-23212.2	
57364.2	0.7134807	-23212.17	
57364.58	0.7134807	-23211.95	
58000	0.6778066	-23211.95	
59000	0.6778066	-23211.95	
59656.27	0.6778066	-23211.78	
59656.33	0.6778066	-23211.41	
59656.35	0.6778066	-23211.39	
59656.39	0.6778066	-23211.38	
59656.41	0.6778066	-23211.29	
59656.42	0.6778066	-23211.29	
59656.47	0.6778066	-23211.24	
59656.5	0.6778066	-23211.18	
59656.98	0.6778066	-23211.11	
60000	0.6439163	-23211.11	
60058.56	0.6439163	-23211.1	
60058.89	0.6439163	-23210.98	
61000	0.6439163	-23210.98	
62000	0.6117205	-23210.98	
63000	0.6117205	-23210.98	
63323.3	0.6117205	-23210.91	
63405.17	0.6117205	-23210.86	
63424.52	0.6117205	-23210.78	
63649.2	0.6117205	-23210.34	
63925.85	0.6117205	-23210.23	
63925.86	0.6117205	-23210.08	
63925.89	0.6117205	-23209.77	
63925.92	0.6117205	-23209.75	
63925.94	0.6117205	-23209.56	
64000	0.5811345	-23209.56	
64059.77	0.5811345	-23209.26	
64124.06	0.5811345	-23208.44	
64139.33	0.5811345	-23208.17	
64177.33	0.5811345	-23208.11	
65000	0.5811345	-23208.11	
65329.32	0.5811345	-23207.95	
65329.38	0.5811345	-23207.52	
65329.42	0.5811345	-23207.13	
65329.44	0.5811345	-23206.84	
66000	0.5520777	-23206.84	
66180.32	0.5520777	-23206.69	
66340.52	0.5520777	-23206.65	
66340.53	0.5520777	-23206.54	
66340.62	0.5520777	-23206.32	
66340.64	0.5520777	-23206.31	
67000	0.5520777	-23206.31	
68000	0.5244738	-23206.31	
68104.85	0.5244738	-23206.24	
68417.17	0.5244738	-23206.21	
68417.29	0.5244738	-23206.07	
68417.38	0.5244738	-23205.66	
68417.39	0.5244738	-23205.44	
68417.41	0.5244738	-23205.15	
68417.42	0.5244738	-23204.9	
69000	0.5244738	-23204.9	
70000	0.4982502	-23204.9	
71000	0.4982502	-23204.9	
71311.12	0.4982502	-23204.74	
72000	0.4733376	-23204.74	
72168.27	0.4733376	-23204.74	
72168.29	0.4733376	-23204.35	
73000	0.4733376	-23204.35	
74000	0.4496708	-23204.35	
74597.08	0.4496708	-23204.35	
75000	0.4496708	-23204.35	
75167.95	0.4496708	-23204.32	
75167.97	0.4496708	-23204.07	
75168.08	0.4496708	-23204.06	
75590	0.4496708	-23203.94	
75590.02	0.4496708	-23203.89	
75883.15	0.4496708	-23203.82	
75883.83	0.4496708	-23203.55	
75891.32	0.4496708	-23203.35	
75891.42	0.4496708	-23203.25	
75891.44	0.4496708	-23203.13	
76000	0.4271872	-23203.13	
77000	0.4271872	-23203.13	
77133.09	0.4271872	-23202.84	
77576.08	0.4271872	-23202.76	
77584.21	0.4271872	-23202.46	
77584.24	0.4271872	-23202.46	
77584.26	0.4271872	-23202.29	
78000	0.4058279	-23202.29	
78026.56	0.4058279	-23202.15	
78026.58	0.4058279	-23202.09	
78026.59	0.4058279	-23202.09	
78642.09	0.4058279	-23201.87	
78642.58	0.4058279	-23201.7	
78642.61	0.4058279	-23201.67	
79000	0.4058279	-23201.67	
80000	0.3855365	-23201.67	
80989.64	0.3855365	-23201.46	
80989.68	0.3855365	-23201.45	
80989.71	0.3855365	-23201.38	
80989.73	0.3855365	-23201.38	
80989.76	0.3855365	-23201.38	
80989.85	0.3855365	-23201.3	
80989.86	0.3855365	-23201.3	
81000	0.3855365	-23201.3	
81505.89	0.3855365	-23201.03	
81505.92	0.3855365	-23200.85	
82000	0.3662596	-23200.85	
83000	0.3662596	-23200.85	
84000	0.3479467	-23200.85	
85000	0.3479467	-23200.85	
86000	0.3305493	-23200.85	
87000	0.3305493	-23200.85	
87309.55	0.3305493	-23200.84	
87309.58	0.3305493	-23200.79	
88000	0.3140219	-23200.79	
88272.61	0.3140219	-23200.75	
88526.56	0.3140219	-23200.52	
88526.61	0.3140219	-23200.46	
88526.65	0.3140219	-23200.38	
88526.67	0.3140219	-23200.19	
88526.68	0.3140219	-23200.05	
88526.7	0.3140219	-23200.03	
88526.77	0.3140219	-23199.91	
88526.85	0.3140219	-23199.9	
88526.89	0.3140219	-23199.9	
88526.92	0.3140219	-23199.73	
88527.09	0.3140219	-23199.61	
88527.14	0.3140219	-23199.61	
88527.15	0.3140219	-23199.59	
88527.17	0.3140219	-23199.56	
88527.18	0.3140219	-23199.46	
88528.61	0.3140219	-23199.42	
89000	0.3140219	-23199.42	
90000	0.2983208	-23199.42	
90955.33	0.2983208	-23199.42	
90955.39	0.2983208	-23199.39	
91000	0.2983208	-23199.39	
92000	0.2834047	-23199.39	
93000	0.2834047	-23199.39	
94000	0.2692345	-23199.39	
95000	0.2692345	-23199.39	
96000	0.2557728	-23199.39	
97000	0.2557728	-23199.39	
98000	0.2429841	-23199.39	
98293.86	0.2429841	-23199.3	
98293.89	0.2429841	-23199.22	
98294.17	0.2429841	-23198.96	
98310.85	0.2429841	-23198.92	
98312.12	0.2429841	-23198.89	
99000	0.2429841	-23198.89	
99567.92	0.2429841	-23198.73	
99567.97	0.2429841	-23198.66	
99568.05	0.2429841	-23198.64	
99568.06	0.2429841	-23198.59	
99568.15	0.2429841	-23198.49	
99568.18	0.2429841	-23198.46	
1e+05	0.2308349	-23198.46	
