Note: [none]
Total # of Iterations:	1500	
Sample size:	19366	
Maximum likelihood:	# Parameters:	AIC corr:	AIC:	Slope:	R2:
-23313.49	67	46761.46	46760.98	1.039165	0.3196974	
Model:	model_5BN
PDF:	User-defined function
Support interval range:	2

Varying parameters:
Label	MLE	Lower S.I.	Upper S.I.	Std Err	Lower Bound	Upper Bound	Final step size
PG1	232.1552	227.5121	234.4767	N/A	0	250	14.49683	
PG2	103.6737	97.4533	104.7105	N/A	0	250	9.553576	
PG3	169.6453	166.2524	173.0382	N/A	0	250	14.45967	
PG4	250	242.5	250	N/A	0	250	171.2657	
PG5	150.8233	132.7245	180.5763	N/A	0	250	99.93172	
PG6	121.6009	120.3849	133.0889	N/A	0	250	16.83729	
PG7	82.80782	81.15167	86.15167	N/A	0	250	5.153144	
PG8	134.4833	133.1384	143.7246	N/A	0	250	16.76488	
PG9	128.9456	126.3667	141.0511	N/A	0	250	25.78071	
PG10	79.82556	75.03602	84.0273	N/A	0	250	11.20833	
PG11	71.19918	68.35122	78.35122	N/A	0	250	15.34916	
PG12	76.5457	75.78025	83.48388	N/A	0	250	6.349292	
PG13	62.38537	59.2661	66.76151	N/A	0	250	12.88951	
PG14	87.3698	79.50652	89.1172	N/A	0	250	8.59934	
PG15	74.05722	69.61378	77.57607	N/A	0	250	7.617136	
PG16	240.1447	235.3418	250	N/A	0	250	98.304	
PG17	123.1164	120.6541	133.2671	N/A	0	250	13.88255	
PG18	121.9538	120.7343	134.7585	N/A	0	250	14.21217	
PG19	88.29835	86.53238	93.29835	N/A	0	250	6.253552	
PG20	58.07	55.7472	62.4893	N/A	0	250	10.77607	
PG21	153.8923	143.1199	155.8145	N/A	0	250	14.41052	
PG22	111.0112	106.5708	116.0112	N/A	0	250	17.24288	
PG23	129.624	123.1428	193.5158	N/A	0	250	200	
PG24	130.2523	122.4372	138.7397	N/A	0	250	20.63493	
PG25	126.7271	120.3907	134.1234	N/A	0	250	20.57224	
PG26	134.2925	130.2637	141.2349	N/A	0	250	15.04197	
PG27	125.0825	121.33	127.5808	N/A	0	250	8.054395	
PG28	249.9396	217.4474	250	N/A	0	250	250	
PG29	195.7061	180.0496	217.2338	N/A	0	250	75.21072	
sizeX0	1.454562	1.454562	1.474271	N/A	0	100	0.03222925	
sizeXb	1	1	1	N/A	0	1	0.4266667	
ageX0	0.2954298	0.2895212	0.2983841	N/A	0	1	0.01324796	
int	0.06036125	0.04708178	0.06356727	N/A	0	100	0.01338219	
sigma	0.6865926	0.6728608	0.6865926	N/A	0	2	0.01574176	
alpha	1.523402	1.508168	1.55387	N/A	0	4	0.06000441	
beta	0.9735193	0.9735193	1.002725	N/A	0	3	0.02494177	
C	126.6947	122.8938	128.4413	N/A	0	1000	5.98897	
gamma	-0.0722618	-0.1016767	-0.0609196	N/A	-2	2	0.03560539	
D	1	1	1.01	N/A	1	3	0.3386243	
lambda1	0.5364053	0.5203132	0.5827648	N/A	0	1	0.06868268	
lambda2	0.4835647	0.3384953	0.6791527	N/A	0	1	1	
lambda3	0.4664811	0.4384922	0.4758107	N/A	0	1	0.06202014	
lambda4	0.469307	0.3050495	0.7393466	N/A	0	1	1	
lambda5	1	0.91	1	N/A	0	1	1	
lambda6	0.2001703	0	1	N/A	0	1	1	
temp.a.prime	0.99998	0.9899802	1	N/A	0	1	0.2133333	
temp.lag.a.prime	0.7267404	0.7267404	0.7412752	N/A	0	1	0.01871905	
temp.b.prime	0.6871635	0.6734202	0.6971621	N/A	0.5	5000	0.04219074	
temp.lag.b.prime	17.30398	16.29574	18.99268	N/A	0.5	5000	2.499025	
temp.c.prime	278.402	278.402	278.402	N/A	275.1625	284.1181	0.05123717	
temp.lag.c.prime	284.1181	284.1181	284.1181	N/A	275.1625	284.1181	8.955575	
temp.b	2.232013	2.197372	2.331968	N/A	0.5	5000	0.1138237	
temp.lag.b	2996.457	30.45457	5000	N/A	0.5	5000	4999.5	
temp.c	1.863352	1.777879	1.863352	N/A	-1.478618	1.863352	2.566633	
temp.lag.c	-0.9867304	-1.478618	1.863352	N/A	-1.478618	1.863352	3.34197	
prec.a.prime	0.03906272	0.03906272	0.04023461	N/A	0	1	0.001811189	
prec.lag.a.prime	0.04098239	0.04098239	0.04221186	N/A	0	1	0.001686681	
prec.b.prime	363.3551	359.7216	366.9887	N/A	0.5	10000	18.68545	
prec.lag.b.prime	8547.364	0.5	10000	N/A	0.5	10000	9999.5	
prec.c.prime	788.0902	788.0902	788.0902	N/A	292.7737	960.675	10.05189	
prec.lag.c.prime	395.6753	292.7737	960.675	N/A	292.7737	960.675	667.9013	
prec.b	363.4408	323.5123	416.5247	N/A	0.5	10000	90.11686	
prec.lag.b	862.2676	724.3848	1693.286	N/A	0.5	10000	9999.5	
prec.c	61.86962	33.77912	76.45147	N/A	-219.0353	263.6541	67.40099	
prec.lag.c	-173.6277	-209.7544	-58.08446	N/A	-219.0353	263.6541	482.6894	
n.c	7.041034	6.970624	7.604317	N/A	0	40	0.7801905	
n.b	15.49403	15.33909	16.38699	N/A	0	200	0.859714	

Non-varying parameters:
Label	Value
mean	predicted	
x	incr_mm	
siteplot	stdcode	
log	TRUE	


Annealing regime:
Initial temp	Rt	ns	nt
3	0.95	20	100

Variance - Covariance Matrix:
[could not be calculated - Hessian matrix is singular]

Source data
[Ommitted from results file]

Likelihood History
Iteration	Temperature	Likelihood
0	3	-23471.5	
0.6865672	3	-23468.3	
0.7014925	3	-23463.78	
0.7313433	3	-23463.78	
0.761194	3	-23463.78	
0.8059701	3	-23463.75	
0.9552239	3	-23463.13	
0.9701493	3	-23463.13	
1.074627	3	-23463.05	
1.41791	3	-23462.68	
2.985075	3	-23425.15	
3.38806	3	-23424.51	
3.686567	3	-23421.34	
5.343284	3	-23420.81	
5.597015	3	-23420.76	
5.61194	3	-23418.79	
5.641791	3	-23417.53	
5.761194	3	-23416.54	
5.820896	3	-23416.54	
5.895522	3	-23416.54	
5.940299	3	-23416.53	
5.970149	3	-23416.51	
19.25373	3	-23407.41	
19.34328	3	-23402.31	
20.61194	3	-23402.31	
20.64179	3	-23400.05	
20.79104	3	-23399.98	
20.8209	3	-23399.98	
22.37313	3	-23396.82	
23.70149	3	-23383.89	
23.9403	3	-23383.89	
24.16418	3	-23383.4	
24.49254	3	-23382.69	
27.02985	3	-23380.68	
27.20896	3	-23380.04	
27.23881	3	-23379.95	
27.38806	3	-23379.26	
29.26866	3	-23377.84	
29.38806	3	-23374.88	
29.41791	3	-23374.18	
37.59701	3	-23365.93	
37.9403	3	-23364.35	
37.97015	3	-23364.3	
43.23881	3	-23361.87	
43.37313	3	-23360.5	
68.37313	3	-23359.75	
71.16418	3	-23354.24	
71.1791	3	-23354.05	
71.19403	3	-23354	
71.22388	3	-23353.97	
76.32836	3	-23351.28	
76.35821	3	-23350.96	
119.0299	3	-23348.5	
119.1343	3	-23347.89	
119.1642	3	-23347.74	
119.1791	3	-23347.28	
142.5075	3	-23345.8	
142.5672	3	-23343.07	
142.5821	3	-23343.07	
142.597	3	-23341.83	
142.9254	3	-23341.48	
142.9552	3	-23341.48	
143.0597	3	-23340.76	
143.1194	3	-23338.08	
143.1343	3	-23336.34	
150.2687	3	-23335.95	
150.2836	3	-23334.23	
166.9254	3	-23334.22	
166.9403	3	-23333.94	
167.0149	3	-23331.78	
167.3433	3	-23327.92	
167.4179	3	-23327.55	
167.4328	3	-23327.52	
167.4776	3	-23324.61	
167.5075	3	-23324.5	
882.3284	3	-23323.5	
882.3433	3	-23323.32	
882.3582	3	-23323.16	
882.4478	3	-23322.56	
883	3	-23321.85	
883.1343	3	-23319.37	
1000	3	-23319.37	
1171.343	3	-23317.52	
1437.149	3	-23317.4	
1437.209	3	-23316.57	
1438.015	3	-23314.86	
1499.239	3	-23314.59	
1499.328	3	-23313.54	
1499.358	3	-23313.49	
