Note: [none]
Total # of Iterations:	15000	
Sample size:	19366	
Maximum likelihood:	# Parameters:	AIC corr:	AIC:	Slope:	R2:
-23261.27	66	46655	46654.54	1.014339	0.3212053	
Model:	model_5BN
PDF:	User-defined function
Support interval range:	2

Varying parameters:
Label	MLE	Lower S.I.	Upper S.I.	Std Err	Lower Bound	Upper Bound	Final step size
PG1	229.5598	227.2642	234.151	N/A	0	250	9.194164	
PG2	95.28888	91.47732	97.19466	N/A	0	250	5.966278	
PG3	171.944	168.5051	177.1023	N/A	0	250	15.28569	
PG4	250	240	250	N/A	0	250	111.1111	
PG5	165.4287	137.3058	189.1087	N/A	0	250	39.95942	
PG6	118.3186	113.5858	123.5858	N/A	0	250	14.62605	
PG7	76.28311	73.23179	77.04594	N/A	0	250	4.921458	
PG8	131.901	126.625	135.582	N/A	0	250	11.46935	
PG9	137.6118	126.6029	139.8596	N/A	0	250	9.76821	
PG10	60.52306	58.70737	66.73352	N/A	0	250	7.862365	
PG11	55.66881	52.88537	60.66881	N/A	0	250	9.414708	
PG12	66.32612	64.33634	67.65264	N/A	0	250	2.887639	
PG13	52.60225	51.02418	57.60225	N/A	0	250	8.003386	
PG14	71.4071	64.98046	72.83524	N/A	0	250	7.501051	
PG15	60.98748	59.76773	68.54798	N/A	0	250	5.184617	
PG16	249.4944	232.0298	250	N/A	0	250	92.59259	
PG17	116.5095	114.1793	123.0142	N/A	0	250	9.334406	
PG18	139.3442	132.377	141.5573	N/A	0	250	9.402596	
PG19	91.03468	85.5726	91.94503	N/A	0	250	9.853113	
PG20	58.17582	55.26703	61.66637	N/A	0	250	7.632191	
PG21	128.4486	127.1641	135.7417	N/A	0	250	10.25142	
PG22	118.2511	112.3385	123.2511	N/A	0	250	6.887522	
PG23	121.6675	115.5841	181.9171	N/A	0	250	52.27862	
PG24	117.3857	112.6903	127.9949	N/A	0	250	19.68518	
PG25	113.1061	109.7129	124.0576	N/A	0	250	15.50832	
PG26	121.4483	114.1614	124.0194	N/A	0	250	9.550661	
PG27	114.9596	111.5108	117.2588	N/A	0	250	8.547334	
PG28	249.9947	219.9954	250	N/A	0	250	250	
PG29	210.6927	170.6611	219.1204	N/A	0	250	47.61905	
sizeX0	1.107951	1.096871	1.107951	N/A	0	100	0.02954615	
sizeXb	1	1	1	N/A	0	1	0.04438417	
ageX0	0.3098134	0.3067152	0.3160097	N/A	0	1	0.009157151	
int	0.05926075	0.04918642	0.06325838	N/A	0	100	0.01020585	
sigma	0.6663357	0.6596724	0.6663357	N/A	0	2	0.01462315	
alpha	1.605659	1.573546	1.621715	N/A	0	4	0.06194327	
beta	1.0247	1.014453	1.034947	N/A	0	3	0.02812745	
C	148.7627	147.2751	152.1677	N/A	0	1000	6.930399	
gamma	-0.1300517	-0.1482226	-0.1093433	N/A	-2	2	0.04255923	
D	1	1	1	N/A	1	3	2	
lambda1	0.5574046	0.5462565	0.6160901	N/A	0	1	0.09424004	
lambda2	0.845979	0.5583462	0.9221172	N/A	0	1	0.6666667	
lambda3	0.4363256	0.427599	0.4563256	N/A	0	1	0.03062414	
lambda4	0.7227418	0.4553273	0.881745	N/A	0	1	0.6666667	
lambda5	1	0.96	1	N/A	0	1	0.8333333	
temp.a.prime	1	0.98	1	N/A	0	1	0.7142857	
temp.lag.a.prime	0.5100444	0.504944	0.5100444	N/A	0	1	0.009357678	
temp.b.prime	0.6230348	0.6105741	0.6230348	N/A	0.5	5000	0.03554653	
temp.lag.b.prime	4972.338	50.21338	5000	N/A	0.5	5000	4999.5	
temp.c.prime	278.3398	278.3398	278.3398	N/A	275.1625	284.1181	0.03665496	
temp.lag.c.prime	276.3395	275.1625	284.1181	N/A	275.1625	284.1181	8.955575	
temp.b	2.493373	2.37377	2.54324	N/A	0.5	5000	0.1798882	
temp.lag.b	2178.445	22.27445	5000	N/A	0.5	5000	4999.5	
temp.c	1.832101	1.777138	1.863352	N/A	-1.478618	1.863352	3.34197	
temp.lag.c	1.250499	-1.478618	1.863352	N/A	-1.478618	1.863352	3.34197	
prec.a.prime	0.1583647	0.156781	0.1583647	N/A	0	1	0.002121598	
prec.lag.a.prime	0.06960106	0.0459367	0.1049562	N/A	0	1	0.05171717	
prec.b.prime	426.6104	422.3443	426.6104	N/A	0.5	10000	11.96488	
prec.lag.b.prime	1276.269	0.5	10000	N/A	0.5	10000	9999.5	
prec.c.prime	930.1951	930.1951	930.1951	N/A	292.7737	960.675	8.051927	
prec.lag.c.prime	402.2905	292.7737	960.675	N/A	292.7737	960.675	667.9013	
prec.b	468.4552	412.3006	496.8874	N/A	0.5	10000	101.2497	
prec.lag.b	0.5	0.5	0.894981	N/A	0.5	10000	9999.5	
prec.c	59.6379	49.88978	85.90898	N/A	-219.0353	263.6541	43.25665	
prec.lag.c	1.432249	1.255875	1.737439	N/A	-219.0353	263.6541	1.179881	
n.c	8.858633	8.592874	9.035806	N/A	0	40	0.4920245	
n.b	13.75875	13.48358	14.13124	N/A	0	200	1.063634	

Non-varying parameters:
Label	Value
mean	predicted	
x	incr_mm	
siteplot	stdcode	
log	TRUE	


Annealing regime:
Initial temp	Rt	ns	nt
3	0.95	20	100

Variance - Covariance Matrix:
[could not be calculated - Hessian matrix is singular]

Source data
[Ommitted from results file]

Likelihood History
Iteration	Temperature	Likelihood
0	3	-23313.49	
6.651515	3	-23312.72	
9.075758	3	-23310.43	
9.242424	3	-23310.42	
9.424242	3	-23310.42	
1000	3	-23310.42	
2000	2.85	-23310.42	
3000	2.85	-23310.42	
3149.53	2.85	-23310.17	
3149.606	2.85	-23309.99	
3150.712	2.85	-23309.83	
3150.742	2.85	-23309.53	
3150.758	2.85	-23309.53	
3150.773	2.85	-23308.6	
3150.788	2.85	-23308.6	
3266.03	2.85	-23308.27	
3288.197	2.85	-23307.98	
3288.212	2.85	-23307.97	
3297.091	2.85	-23307.6	
3297.212	2.85	-23306	
3297.227	2.85	-23305.31	
3304	2.85	-23303.41	
3304.045	2.85	-23303.15	
3304.182	2.85	-23301.49	
3305.045	2.85	-23298.88	
3305.091	2.85	-23298.87	
3305.121	2.85	-23298.74	
3305.136	2.85	-23298.34	
3305.152	2.85	-23297.37	
3305.167	2.85	-23297.35	
3305.197	2.85	-23296.17	
3529.136	2.85	-23294.94	
3546.379	2.85	-23292.7	
3546.5	2.85	-23292.11	
4000	2.7075	-23292.11	
5000	2.7075	-23292.11	
6000	2.572125	-23292.11	
7000	2.572125	-23292.11	
8000	2.443519	-23292.11	
8363.091	2.443519	-23290.88	
8363.924	2.443519	-23290.13	
8363.955	2.443519	-23289.18	
8363.985	2.443519	-23288.63	
8364.682	2.443519	-23287.25	
9000	2.443519	-23287.25	
9667.924	2.443519	-23286.69	
9895.409	2.443519	-23286.07	
9895.439	2.443519	-23283.5	
9895.561	2.443519	-23283.49	
9984.136	2.443519	-23281.16	
9984.197	2.443519	-23280.6	
10000	2.321343	-23280.6	
10013.58	2.321343	-23280.19	
10013.59	2.321343	-23280.19	
10013.89	2.321343	-23278.72	
10014.11	2.321343	-23278.25	
10014.2	2.321343	-23276.86	
10014.21	2.321343	-23276.24	
11000	2.321343	-23276.24	
12000	2.205276	-23276.24	
13000	2.205276	-23276.24	
14000	2.095012	-23276.24	
14056.3	2.095012	-23276.24	
14160.86	2.095012	-23275.87	
14161	2.095012	-23275.27	
14161.02	2.095012	-23275.17	
14297.45	2.095012	-23272.16	
14402.3	2.095012	-23271.55	
14402.32	2.095012	-23271.54	
14461.15	2.095012	-23269.74	
14461.2	2.095012	-23269.2	
14492.83	2.095012	-23268.48	
14510.21	2.095012	-23268.19	
14510.23	2.095012	-23267.9	
14510.27	2.095012	-23266.96	
14510.3	2.095012	-23266.59	
14510.45	2.095012	-23266.33	
14510.65	2.095012	-23265.26	
14510.68	2.095012	-23265.26	
14510.74	2.095012	-23263.26	
14510.76	2.095012	-23263.26	
14510.86	2.095012	-23262.68	
14511.08	2.095012	-23261.27	
15000	2.095012	-23261.27	
