Note: [none]
Total # of Iterations:	15000	
Sample size:	19366	
Maximum likelihood:	# Parameters:	AIC corr:	AIC:	Slope:	R2:
-23264.26	82	46693.23	46692.52	1.007582	0.3227869	
Model:	model_4ABCN
PDF:	User-defined function
Support interval range:	2

Varying parameters:
Label	MLE	Lower S.I.	Upper S.I.	Std Err	Lower Bound	Upper Bound	Final step size
PG1	241.5666	231.904	241.5666	N/A	0	250	7.204647	
PG2	121.5172	120.302	127.8716	N/A	0	250	7.34671	
PG3	186.8823	185.0135	201.8329	N/A	0	250	15.61711	
PG4	249.8425	242.3472	250	N/A	0	250	111.1111	
PG5	218.8677	122.5659	229.8111	N/A	0	250	65.80879	
PG6	116.6967	110.8618	120.5297	N/A	0	250	7.528276	
PG7	128.1965	124.3506	131.9146	N/A	0	250	6.97696	
PG8	130.2244	125.0154	132.6199	N/A	0	250	4.515791	
PG9	155.9022	152.7841	172.8398	N/A	0	250	16.94484	
PG10	163.0009	149.9608	169.9608	N/A	0	250	23.16696	
PG11	162.1662	147.5712	169.1929	N/A	0	250	19.66202	
PG12	138.2416	135.4768	144.0943	N/A	0	250	8.02641	
PG13	108.8202	106.6438	126.8499	N/A	0	250	24.6122	
PG14	152.4026	141.7344	156.3065	N/A	0	250	14.21893	
PG15	126.3786	116.2684	131.3235	N/A	0	250	12.37529	
PG16	241.1872	214.6566	250	N/A	0	250	37.62493	
PG17	117.923	114.3854	123.2061	N/A	0	250	8.664751	
PG18	105.3499	102.1894	108.2429	N/A	0	250	5.863661	
PG19	91.37796	88.63662	94.5504	N/A	0	250	4.482449	
PG20	58.58023	54.47961	61.50924	N/A	0	250	3.667657	
PG21	249.9964	244.9965	250	N/A	0	250	166.6667	
PG22	93.87983	90.12464	98.87983	N/A	0	250	8.031864	
PG23	249.9705	149.9823	250	N/A	0	250	96	
PG24	156.7919	152.0881	177.2977	N/A	0	250	21.74515	
PG25	159.8542	155.0585	174.2775	N/A	0	250	16.27914	
PG26	224.2678	215.2971	230.9959	N/A	0	250	20.14373	
PG27	160.2675	157.0622	163.8568	N/A	0	250	12.23826	
PG28	250	220	250	N/A	0	250	250	
PG29	158.8142	150.8735	184.3463	N/A	0	250	39.20235	
sizeX0	1.310555	1.310555	1.32366	N/A	0	100	0.02580434	
sizeXb	1	1	1	N/A	0	1	0.1274311	
ageX0	0.3182553	0.3150727	0.3214378	N/A	0	1	0.01105585	
int	0.08592502	0.08076952	0.09363837	N/A	0	100	0.01114871	
sigma	0.6364918	0.6364918	0.6428568	N/A	0	2	0.02080828	
alpha	1.478814	1.464026	1.508391	N/A	0	4	0.03004321	
beta	1.065251	1.054598	1.065251	N/A	0	3	0.02120506	
C	145.8986	142.9806	147.6068	N/A	0	1000	6.411713	
gamma	-0.04842026	-0.07601926	-0.03597997	N/A	-2	2	0.03114703	
D	1	1	1	N/A	1	3	2	
lambda1	0.5776932	0.5545854	0.6088085	N/A	0	1	0.0685809	
lambda2	0.4165033	0.3498628	0.7632615	N/A	0	1	0.3109815	
lambda3	0.3919993	0.3723993	0.3998393	N/A	0	1	0.02499056	
lambda4	0.4727088	0.1985377	0.6098045	N/A	0	1	0.4761905	
lambda5	1	0.92	1	N/A	0	1	0.4444444	
temp.a1	0.1887873	0.1661328	0.302357	N/A	0	1	1	
temp.a2	0.08196198	0.08196198	0.08379806	N/A	0	1	0.001742902	
temp.a3	0.8675604	0.8502091	0.876236	N/A	0	1	0.1260906	
temp.lag.a1	0.1551537	0.1520506	0.1551537	N/A	0	1	0.01347917	
temp.lag.a2	0.008695789	0.007043589	0.01968709	N/A	0	1	1	
temp.lag.a3	0.001358979	0	0.01194457	N/A	0	1	0.05085307	
temp.b1	1.710128	1.651722	1.844296	N/A	0.25	5000	0.1884526	
temp.b2	6.289581	6.226685	6.452351	N/A	0.25	5000	0.2016813	
temp.b3	8.351214	7.379069	9.050045	N/A	0.25	5000	105.7798	
temp.lag.b1	520.8623	26.27812	5000	N/A	0.25	5000	4999.75	
temp.lag.b2	0.25	0.25	0.9249665	N/A	0.25	5000	4999.75	
temp.lag.b3	60.00881	0.25	5000	N/A	0.25	5000	4999.75	
temp.c1	282.0985	282.0985	282.0985	N/A	275.1625	284.1181	4.716262	
temp.c2	283.7899	283.7899	283.7899	N/A	275.1625	284.1181	0.2086323	
temp.c3	283.8536	283.8536	284.1181	N/A	275.1625	284.1181	8.955575	
temp.lag.c1	282.1951	275.1625	284.1181	N/A	275.1625	284.1181	8.955575	
temp.lag.c2	281.0397	281.0397	281.0397	N/A	275.1625	284.1181	8.955575	
temp.lag.c3	279.7556	275.1625	284.1181	N/A	275.1625	284.1181	8.955575	
prec.a1	0.3026593	0.2058083	0.5118615	N/A	0	1	0.1506696	
prec.a2	0.9998799	0.9998799	1	N/A	0	1	0.0138214	
prec.a3	0.1215442	0.03767871	0.1807377	N/A	0	1	1	
prec.lag.a1	0.3049612	0.2988619	0.3049612	N/A	0	1	0.005191872	
prec.lag.a2	0.8107511	0.5594183	1	N/A	0	1	1	
prec.lag.a3	0.08584836	0.08413139	0.08670684	N/A	0	1	0.003988863	
prec.b1	0.5	0.5	0.574997	N/A	0.5	10000	4571.2	
prec.b2	997.256	877.6453	1159.305	N/A	0.5	10000	379.8294	
prec.b3	0.5	0.5	0.854983	N/A	0.5	10000	9999.5	
prec.lag.b1	580.3049	516.5213	617.9837	N/A	0.5	10000	161.4072	
prec.lag.b2	0.5	0.5	1.249963	N/A	0.5	10000	5714	
prec.lag.b3	1079.622	637.1769	1286.666	N/A	0.5	10000	206.4292	
prec.c1	547.551	547.551	547.551	N/A	292.7737	960.675	0.4462023	
prec.c2	820.7734	757.4134	845.3966	N/A	292.7737	960.675	151.1211	
prec.c3	782.6559	782.6559	782.6559	N/A	292.7737	960.675	667.9013	
prec.lag.c1	292.9141	292.7737	306.2693	N/A	292.7737	960.675	54.71447	
prec.lag.c2	429.7927	429.7927	429.7927	N/A	292.7737	960.675	1.041123	
prec.lag.c3	958.4625	905.2074	960.675	N/A	292.7737	960.675	106.5422	
n.c	7.451937	7.302898	7.750014	N/A	0	40	0.4714882	
n.b	14.73102	14.58371	15.24886	N/A	0	200	0.6897027	

Non-varying parameters:
Label	Value
mean	predicted	
x	incr_mm	
siteplot	stdcode	
region	k_new	
log	TRUE	


Annealing regime:
Initial temp	Rt	ns	nt
3	0.95	20	100

Variance - Covariance Matrix:
[could not be calculated - Hessian matrix is singular]

Source data
[Ommitted from results file]

Likelihood History
Iteration	Temperature	Likelihood
0	3	-23298.75	
0.3414634	3	-23298.56	
579.622	3	-23298.35	
619.2195	3	-23297.55	
619.3049	3	-23296.14	
619.3659	3	-23295.8	
619.4146	3	-23294.88	
1000	3	-23294.88	
2000	2.85	-23294.88	
3000	2.85	-23294.88	
4000	2.7075	-23294.88	
5000	2.7075	-23294.88	
6000	2.572125	-23294.88	
6795.817	2.572125	-23294.33	
6796.024	2.572125	-23293.94	
7000	2.572125	-23293.94	
7171.488	2.572125	-23293.72	
7171.5	2.572125	-23293.09	
7171.634	2.572125	-23292.15	
7171.659	2.572125	-23292.15	
7171.707	2.572125	-23292.1	
7171.768	2.572125	-23290.16	
7171.78	2.572125	-23290.16	
7171.878	2.572125	-23288.33	
7172.451	2.572125	-23284.91	
7912.317	2.572125	-23284.41	
7912.354	2.572125	-23281.04	
7912.402	2.572125	-23278.99	
8000	2.443519	-23278.99	
8609.183	2.443519	-23277.43	
9000	2.443519	-23277.43	
10000	2.321343	-23277.43	
11000	2.321343	-23277.43	
11484.52	2.321343	-23276.82	
11484.57	2.321343	-23274.15	
11484.7	2.321343	-23274.07	
11484.71	2.321343	-23272.19	
11484.73	2.321343	-23271.99	
11484.8	2.321343	-23271.23	
11484.88	2.321343	-23269.78	
11614.22	2.321343	-23267.84	
11614.23	2.321343	-23266.8	
11614.4	2.321343	-23264.71	
11614.51	2.321343	-23264.37	
11614.63	2.321343	-23264.26	
12000	2.205276	-23264.26	
13000	2.205276	-23264.26	
14000	2.095012	-23264.26	
15000	2.095012	-23264.26	
