Note: [none]
Total # of Iterations:	1e+05	
Sample size:	19366	
Maximum likelihood:	# Parameters:	AIC corr:	AIC:	Slope:	R2:
-23278.85	56	46670.03	46669.7	1.012494	0.3171012	
Model:	model_5BN_1yr
PDF:	User-defined function
Support interval range:	2

Varying parameters:
Label	MLE	Lower S.I.	Upper S.I.	Std Err	Lower Bound	Upper Bound	Final step size
PG1	111.7107	109.4765	112.8278	N/A	0	250	1.315776	
PG2	58.97839	57.20904	60.74774	N/A	0	250	1.837992	
PG3	75.87715	73.60084	77.39469	N/A	0	250	0.9523325	
PG4	111.7156	108.3641	115.5985	N/A	0	250	2.523608	
PG5	53.05885	43.50826	59.65062	N/A	0	250	3.68215	
PG6	84.71483	81.32623	88.02053	N/A	0	250	2.666637	
PG7	46.95222	46.4827	48.83031	N/A	0	250	0.7560927	
PG8	77.32512	75.00537	79.64487	N/A	0	250	1.369843	
PG9	49.82582	47.33453	51.81885	N/A	0	250	1.477589	
PG10	38.7969	36.85706	40.90894	N/A	0	250	1.271215	
PG11	44.79293	42.55328	47.92843	N/A	0	250	2.715502	
PG12	49.42999	48.44139	51.40719	N/A	0	250	1.277269	
PG13	30.80142	28.95333	32.42462	N/A	0	250	1.277728	
PG14	54.89917	52.7032	58.19312	N/A	0	250	2.325729	
PG15	34.62828	33.24315	36.782	N/A	0	250	1.340822	
PG16	250	227.5	250	N/A	0	250	160	
PG17	149.6456	145.1563	155.6669	N/A	0	250	6.116262	
PG18	55.1539	53.49928	56.80851	N/A	0	250	1.118554	
PG19	33.5498	32.8788	34.8485	N/A	0	250	1.064718	
PG20	23.09039	21.93587	24.45185	N/A	0	250	0.5442621	
PG21	95.48677	92.62216	98.35137	N/A	0	250	2.117866	
PG22	49.51144	47.03587	51.4919	N/A	0	250	1.958257	
PG23	137.2298	113.9007	156.6453	N/A	0	250	12.03779	
PG24	108.6617	103.2287	117.142	N/A	0	250	6.786899	
PG25	109.31	104.9376	117.1238	N/A	0	250	4.028754	
PG26	85.42788	81.15649	87.99072	N/A	0	250	2.314684	
PG27	71.91274	70.47449	74.07012	N/A	0	250	1.352592	
PG28	122.7988	105.607	163.5032	N/A	0	250	17.25018	
PG29	77.82031	70.81648	84.70749	N/A	0	250	6.017257	
sizeX0	1.306578	1.306578	1.306578	N/A	0	100	0.01003212	
sizeXb	1	1	1	N/A	0	1	0.08707483	
ageX0	0.317375	0.3142012	0.3205487	N/A	0	1	0.002269356	
int	0.04832074	0.04252225	0.05528425	N/A	0	100	0.004104706	
sigma	0.6754739	0.6687191	0.6822286	N/A	0	2	0.005017909	
alpha	1.553047	1.537516	1.568577	N/A	0	4	0.02123422	
beta	1.033052	1.022722	1.043383	N/A	0	3	0.00843406	
C	144.6081	141.716	146.3189	N/A	0	1000	2.449426	
gamma	-0.1029449	-0.1219073	-0.08459894	N/A	-2	2	0.01748714	
D	1	1	1	N/A	1	3	1.714286	
lambda1	0.5908277	0.5612863	0.6212863	N/A	0	1	0.01657262	
lambda2	0.6708045	0.4829792	0.7982573	N/A	0	1	0.1883713	
lambda3	0.4090874	0.3968148	0.4209057	N/A	0	1	0.0109858	
lambda4	0.5470296	0.3719801	0.7880445	N/A	0	1	0.09920232	
lambda5	1	0.94	1	N/A	0	1	0.5333333	
temp.a.prime	0.8194089	0.8194089	0.8194089	N/A	0	1	0.00397247	
temp.b.prime	3776.394	38.25394	5000	N/A	0.5	5000	4999.5	
temp.c.prime	282.2614	275.1625	284.1181	N/A	275.1625	284.1181	8.955575	
temp.b	4.19817	4.124207	4.298086	N/A	0.5	5000	0.1172079	
temp.c	1.863013	1.796181	1.863352	N/A	-1.478618	1.863352	0.5324605	
prec.a.prime	0.3012121	0.3012121	0.3012121	N/A	0	1	0.001631578	
prec.b.prime	102.0896	102.0896	102.0896	N/A	0.5	10000	0.2888679	
prec.c.prime	632.973	632.973	632.973	N/A	292.7737	960.675	0.4910847	
prec.b	477.2188	443.8435	534.3555	N/A	0.5	10000	24.26268	
prec.c	66.45572	44.67435	78.95218	N/A	-219.0353	263.6541	9.190002	
n.c	10.84546	10.62856	11.06237	N/A	0	40	0.1790973	
n.b	11.92522	11.68671	12.42062	N/A	0	200	0.2990203	

Non-varying parameters:
Label	Value
mean	predicted	
x	incr_mm	
siteplot	stdcode	
log	TRUE	


Annealing regime:
Initial temp	Rt	ns	nt
3	0.95	20	100

Variance - Covariance Matrix:
[could not be calculated - Hessian matrix is singular]

Source data
[Ommitted from results file]

Likelihood History
Iteration	Temperature	Likelihood
0	3	-23293.33	
1000	3	-23293.33	
2000	2.85	-23293.33	
3000	2.85	-23293.33	
4000	2.7075	-23293.33	
5000	2.7075	-23293.33	
6000	2.572125	-23293.33	
7000	2.572125	-23293.33	
8000	2.443519	-23293.33	
9000	2.443519	-23293.33	
10000	2.321343	-23293.33	
11000	2.321343	-23293.33	
12000	2.205276	-23293.33	
13000	2.205276	-23293.33	
14000	2.095012	-23293.33	
15000	2.095012	-23293.33	
16000	1.990261	-23293.33	
17000	1.990261	-23293.33	
18000	1.890748	-23293.33	
19000	1.890748	-23293.33	
20000	1.796211	-23293.33	
21000	1.796211	-23293.33	
22000	1.7064	-23293.33	
23000	1.7064	-23293.33	
24000	1.62108	-23293.33	
25000	1.62108	-23293.33	
26000	1.540026	-23293.33	
27000	1.540026	-23293.33	
28000	1.463025	-23293.33	
29000	1.463025	-23293.33	
30000	1.389874	-23293.33	
31000	1.389874	-23293.33	
32000	1.32038	-23293.33	
33000	1.32038	-23293.33	
33996.16	1.32038	-23293.13	
34000	1.254361	-23293.13	
35000	1.254361	-23293.13	
36000	1.191643	-23293.13	
37000	1.191643	-23293.13	
38000	1.132061	-23293.13	
39000	1.132061	-23293.13	
40000	1.075458	-23293.13	
41000	1.075458	-23293.13	
42000	1.021685	-23293.13	
43000	1.021685	-23293.13	
44000	0.9706006	-23293.13	
44587.09	0.9706006	-23292.85	
44587.39	0.9706006	-23292.73	
44587.41	0.9706006	-23292.03	
44587.45	0.9706006	-23291.89	
45000	0.9706006	-23291.89	
46000	0.9220706	-23291.89	
47000	0.9220706	-23291.89	
48000	0.8759671	-23291.89	
48111.64	0.8759671	-23291.83	
48111.66	0.8759671	-23291.64	
48111.73	0.8759671	-23291.58	
48913.34	0.8759671	-23290.36	
48913.36	0.8759671	-23290.33	
49000	0.8759671	-23290.33	
50000	0.8321687	-23290.33	
50649.27	0.8321687	-23290.32	
51000	0.8321687	-23290.32	
51441.95	0.8321687	-23290.19	
52000	0.7905603	-23290.19	
53000	0.7905603	-23290.19	
54000	0.7510323	-23290.19	
55000	0.7510323	-23290.19	
56000	0.7134807	-23290.19	
57000	0.7134807	-23290.19	
58000	0.6778066	-23290.19	
59000	0.6778066	-23290.19	
60000	0.6439163	-23290.19	
61000	0.6439163	-23290.19	
62000	0.6117205	-23290.19	
62572.32	0.6117205	-23290.16	
62573.46	0.6117205	-23290.08	
62573.48	0.6117205	-23289.64	
62573.59	0.6117205	-23289.59	
62573.62	0.6117205	-23289.32	
62574.16	0.6117205	-23289.25	
62885.38	0.6117205	-23289.17	
62885.43	0.6117205	-23289.1	
62885.73	0.6117205	-23289.02	
62885.82	0.6117205	-23289.02	
62885.84	0.6117205	-23289.02	
62885.86	0.6117205	-23288.95	
62885.88	0.6117205	-23288.95	
62885.91	0.6117205	-23288.73	
63000	0.6117205	-23288.73	
63250.52	0.6117205	-23288.64	
63488.04	0.6117205	-23288.61	
63488.07	0.6117205	-23288.5	
63488.38	0.6117205	-23288.14	
63636.07	0.6117205	-23287.84	
63636.25	0.6117205	-23287.52	
63636.27	0.6117205	-23287.52	
63637	0.6117205	-23287.06	
63640.98	0.6117205	-23286.9	
64000	0.5811345	-23286.9	
64713.52	0.5811345	-23286.63	
65000	0.5811345	-23286.63	
65164.48	0.5811345	-23286.53	
65164.66	0.5811345	-23286.51	
65164.71	0.5811345	-23286.49	
65220.91	0.5811345	-23286.45	
65262.48	0.5811345	-23286.08	
65281.34	0.5811345	-23285.44	
65334.16	0.5811345	-23285.11	
65708.07	0.5811345	-23285.08	
65708.09	0.5811345	-23285.07	
66000	0.5520777	-23285.07	
67000	0.5520777	-23285.07	
68000	0.5244738	-23285.07	
69000	0.5244738	-23285.07	
70000	0.4982502	-23285.07	
71000	0.4982502	-23285.07	
71800.73	0.4982502	-23285.03	
71922.95	0.4982502	-23284.77	
71928.86	0.4982502	-23284.7	
71928.88	0.4982502	-23284.7	
71928.91	0.4982502	-23284.51	
72000	0.4733376	-23284.51	
72103.66	0.4733376	-23284.5	
72103.8	0.4733376	-23284.45	
72103.91	0.4733376	-23284.38	
72478.05	0.4733376	-23284.37	
72478.07	0.4733376	-23284.17	
72627.34	0.4733376	-23283.82	
73000	0.4733376	-23283.82	
73070.38	0.4733376	-23283.67	
73108.64	0.4733376	-23283.17	
73108.75	0.4733376	-23283.02	
73108.98	0.4733376	-23282.89	
73109.02	0.4733376	-23282.41	
73109.14	0.4733376	-23282.39	
73505.93	0.4733376	-23282.31	
73506	0.4733376	-23282.26	
74000	0.4496708	-23282.26	
75000	0.4496708	-23282.26	
76000	0.4271872	-23282.26	
77000	0.4271872	-23282.26	
77087.71	0.4271872	-23282.21	
78000	0.4058279	-23282.21	
78160.36	0.4058279	-23282.18	
78447.61	0.4058279	-23282.09	
79000	0.4058279	-23282.09	
80000	0.3855365	-23282.09	
80123.34	0.3855365	-23281.98	
80553.05	0.3855365	-23281.47	
81000	0.3855365	-23281.47	
82000	0.3662596	-23281.47	
82666.64	0.3662596	-23281.32	
82666.8	0.3662596	-23281.23	
82666.84	0.3662596	-23281.23	
82666.91	0.3662596	-23281.07	
82666.96	0.3662596	-23280.94	
82667.11	0.3662596	-23280.89	
83000	0.3662596	-23280.89	
84000	0.3479467	-23280.89	
85000	0.3479467	-23280.89	
85761.07	0.3479467	-23280.65	
85761.09	0.3479467	-23280.4	
85770.93	0.3479467	-23280.28	
85770.95	0.3479467	-23280.26	
85770.96	0.3479467	-23280.25	
86000	0.3305493	-23280.25	
87000	0.3305493	-23280.25	
88000	0.3140219	-23280.25	
89000	0.3140219	-23280.25	
90000	0.2983208	-23280.25	
90014.25	0.2983208	-23280.22	
90014.5	0.2983208	-23280.13	
91000	0.2983208	-23280.13	
91306.48	0.2983208	-23280.07	
91306.68	0.2983208	-23280.02	
91307.04	0.2983208	-23279.99	
91307.07	0.2983208	-23279.93	
91307.75	0.2983208	-23279.76	
91308.2	0.2983208	-23279.73	
92000	0.2834047	-23279.73	
92985.21	0.2834047	-23279.62	
93000	0.2834047	-23279.62	
93492.34	0.2834047	-23279.39	
94000	0.2692345	-23279.39	
95000	0.2692345	-23279.39	
96000	0.2557728	-23279.39	
96156.09	0.2557728	-23279.31	
96164.5	0.2557728	-23279.25	
97000	0.2557728	-23279.25	
98000	0.2429841	-23279.25	
99000	0.2429841	-23279.25	
99359.75	0.2429841	-23279.14	
99362.04	0.2429841	-23279.09	
99362.11	0.2429841	-23279.05	
99362.34	0.2429841	-23279.02	
99924.2	0.2429841	-23278.92	
99925.71	0.2429841	-23278.85	
1e+05	0.2308349	-23278.85	
